2.943554818630218506e-01
1.433210611343383789e+00
-1.425744891166687012e+00
-2.340731769800186157e-01
-1.422012090682983398e+00
2.082019090652465820e+00
-1.024866029620170593e-01
-1.116020679473876953e+00
1.434084534645080566e+00
-5.107951760292053223e-01
6.685298681259155273e-01
-1.103253841400146484e+00
-9.301994442939758301e-01
1.564023613929748535e+00
-1.343682646751403809e+00
-1.270765542984008789e+00
8.301457762718200684e-01
1.253929376602172852e+00
-1.171324014663696289e+00
7.272827029228210449e-01
-5.998870134353637695e-01
1.503106951713562012e+00
-6.243989467620849609e-01
-4.052165448665618896e-01
4.779318347573280334e-03
-8.070421218872070312e-01
5.016248226165771484e-01
2.094025135040283203e+00
8.711350560188293457e-01
-7.963413596153259277e-01
1.491957306861877441e-01
-2.907402813434600830e-01
9.794093966484069824e-01
1.602481842041015625e+00
-5.789831876754760742e-01
1.232821464538574219e+00
-5.517187714576721191e-01
2.266739845275878906e+00
-1.909451484680175781e-01
-1.564449518918991089e-01
2.687566876411437988e-01
-6.471419334411621094e-01
-8.067414760589599609e-01
-3.752495348453521729e-01
-2.555581808090209961e+00
-1.094587326049804688e+00
5.770413279533386230e-01
5.120248198509216309e-01
-1.697117090225219727e-01
-2.231805622577667236e-01
1.854807376861572266e+00
1.145929694175720215e+00
-1.061101078987121582e+00
4.571194350719451904e-01
-2.612839460372924805e+00
