4.817062318325042725e-01
1.270070314407348633e+00
-7.644373178482055664e-01
-3.767560794949531555e-02
-2.940931618213653564e-01
1.595466434955596924e-01
-5.353773236274719238e-01
-9.402892589569091797e-01
4.392127692699432373e-01
-8.614005446434020996e-01
1.163447260856628418e+00
6.514587998390197754e-01
1.828334927558898926e-01
4.603666663169860840e-01
-2.988850474357604980e-01
-1.481941938400268555e+00
-9.748302400112152100e-02
-4.574674367904663086e-01
1.504993915557861328e+00
1.495809912681579590e+00
6.814799904823303223e-01
-1.598722934722900391e+00
-1.498449444770812988e+00
1.218316078186035156e+00
1.135774254798889160e+00
9.001403450965881348e-01
-1.184799194335937500e+00
-1.188060402870178223e+00
-1.747632980346679688e+00
-8.446153253316879272e-03
9.101480841636657715e-01
1.459039211273193359e+00
-1.998396515846252441e+00
-4.069248735904693604e-01
-9.740558266639709473e-01
1.123580932617187500e+00
1.945448219776153564e-01
3.536873459815979004e-01
-2.523376345634460449e-01
-3.762117773294448853e-02
-7.623281478881835938e-01
-5.544071197509765625e-01
5.067880153656005859e-01
1.061487317085266113e+00
-1.101859688758850098e+00
8.369337320327758789e-01
1.907799720764160156e+00
8.548151850700378418e-01
4.389819800853729248e-01
6.617400050163269043e-01
1.418285369873046875e+00
4.169709682464599609e-01
8.595234155654907227e-01
7.722736597061157227e-01
2.888837754726409912e-01
