-1.156857490539550781e+00
2.686148881912231445e+00
-6.084076762199401855e-01
-6.316205859184265137e-01
-1.554940938949584961e-01
-2.603232264518737793e-01
-1.358711481094360352e+00
-3.763642907142639160e-02
-3.619210124015808105e-01
-1.139506697654724121e+00
-1.057886004447937012e+00
2.923141717910766602e-01
1.427055478096008301e+00
-5.580127239227294922e-01
-1.669550895690917969e+00
1.296015858650207520e+00
1.280495971441268921e-01
-5.212303251028060913e-02
8.329895138740539551e-01
6.009771227836608887e-01
-1.121754169464111328e+00
1.680917888879776001e-01
-1.388421177864074707e+00
8.443214893341064453e-01
-1.206501364707946777e+00
-7.798112034797668457e-01
-9.343330562114715576e-02
-1.096278548240661621e+00
7.181183099746704102e-01
-3.288698792457580566e-01
1.420641779899597168e+00
-6.953658461570739746e-01
6.785015463829040527e-01
1.113604068756103516e+00
1.730897128582000732e-01
-1.083927035331726074e+00
2.581403963267803192e-02
1.626178473234176636e-01
-2.437989115715026855e-01
9.513512253761291504e-01
-4.775064587593078613e-01
-1.745653271675109863e+00
4.887734055519104004e-01
-8.869322538375854492e-01
1.294345259666442871e-01
-2.222786188125610352e+00
7.109946608543395996e-01
5.059475302696228027e-01
-6.318302154541015625e-01
-7.792419195175170898e-01
6.987810730934143066e-01
-5.342879891395568848e-01
2.109050273895263672e+00
-1.930680513381958008e+00
-2.973603963851928711e+00
