5.386847853660583496e-01
1.459667086601257324e+00
-1.071622014045715332e+00
5.799170732498168945e-01
-9.406881332397460938e-01
-1.236606463789939880e-01
7.015951871871948242e-01
4.089510738849639893e-01
7.574601173400878906e-01
-1.897435933351516724e-01
-4.382664859294891357e-01
9.297882318496704102e-01
8.860675692558288574e-01
-2.127076536417007446e-01
-1.197638064622879028e-01
-1.383670330047607422e+00
1.155142188072204590e+00
-8.609842061996459961e-01
7.123613953590393066e-01
-1.763016939163208008e+00
6.323208808898925781e-01
-3.938589990139007568e-01
-6.399887800216674805e-01
7.913881540298461914e-01
1.028865098953247070e+00
1.381284475326538086e+00
4.303641617298126221e-01
5.548945069313049316e-01
8.497906327247619629e-01
1.015359640121459961e+00
-9.852979779243469238e-01
-2.191560745239257812e+00
-5.827842950820922852e-01
-2.538942098617553711e+00
-1.719223141670227051e+00
3.291494846343994141e-01
-6.855723857879638672e-01
2.160751074552536011e-01
-1.048719763755798340e+00
2.182080268859863281e+00
3.230246603488922119e-01
9.992662817239761353e-02
1.485454440116882324e+00
-3.322464227676391602e-01
-4.627600908279418945e-01
-6.051012873649597168e-01
-1.114629864692687988e+00
-9.080245494842529297e-01
2.321997098624706268e-02
-7.985199093818664551e-01
6.691486239433288574e-01
1.824062615633010864e-01
-5.515717864036560059e-01
1.868149638175964355e+00
-2.994671761989593506e-01
