7.212477326393127441e-01
-1.437286138534545898e+00
3.067874014377593994e-01
2.159855663776397705e-01
-3.636438548564910889e-01
-3.308830782771110535e-02
2.439173460006713867e+00
4.720860123634338379e-01
3.073953390121459961e-01
6.356897065415978432e-04
1.296956062316894531e+00
1.593727111816406250e+00
-9.936276078224182129e-01
7.962513566017150879e-01
-5.691757202148437500e-01
4.883857965469360352e-01
8.326581716537475586e-01
2.230518758296966553e-01
1.497138500213623047e+00
-8.953411579132080078e-01
-9.301339387893676758e-01
5.229152441024780273e-01
6.878209710121154785e-01
-9.517002701759338379e-01
5.959769487380981445e-01
4.694953262805938721e-01
3.965154290199279785e-02
-9.913489818572998047e-01
-4.618882238864898682e-01
9.533891677856445312e-01
-9.843407869338989258e-01
-3.460388481616973877e-01
1.549825191497802734e+00
2.580615282058715820e-01
1.288748741149902344e+00
8.277749270200729370e-02
1.001397013664245605e+00
-2.881969511508941650e-01
-3.369882702827453613e-01
-5.284079909324645996e-01
5.263354182243347168e-01
-5.087527632713317871e-01
-1.420075595378875732e-01
-2.641702175140380859e+00
-3.836577832698822021e-01
1.147969007492065430e+00
9.673330783843994141e-01
7.505685687065124512e-01
6.951686460524797440e-03
2.171908617019653320e+00
-3.366920724511146545e-02
-2.048543244600296021e-01
1.985023915767669678e-02
-7.464298605918884277e-01
-8.514542579650878906e-01
