-1.250908970832824707e+00
8.279155492782592773e-01
1.151074290275573730e+00
-1.121764108538627625e-01
-7.237683534622192383e-01
4.970362037420272827e-02
2.525670267641544342e-02
-1.542070269584655762e+00
1.172055125236511230e+00
-2.707670688629150391e+00
-4.447469711303710938e-01
-9.561819434165954590e-01
-9.014893770217895508e-01
5.269216299057006836e-01
1.585003852844238281e+00
-1.689168572425842285e+00
1.423216611146926880e-01
-1.060573816299438477e+00
5.199164748191833496e-01
-1.308895587921142578e+00
-1.299093723297119141e+00
8.197429180145263672e-01
1.473269462585449219e-01
5.498712658882141113e-01
1.442237615585327148e+00
1.397219061851501465e+00
-2.395570129156112671e-01
-8.143618106842041016e-01
-2.965106666088104248e-01
3.253319561481475830e-01
-1.082115769386291504e+00
6.266171932220458984e-01
2.079640150070190430e+00
5.447209477424621582e-01
-1.692188143730163574e+00
-5.993962660431861877e-02
-1.061040639877319336e+00
1.009588599205017090e+00
2.867434620857238770e-01
1.246229279786348343e-02
5.769727230072021484e-01
1.761305332183837891e+00
6.132534742355346680e-01
-4.640873372554779053e-01
-1.332526683807373047e+00
6.556617021560668945e-01
7.834003567695617676e-01
5.319214239716529846e-02
-6.525681018829345703e-01
4.491072297096252441e-01
1.886149048805236816e+00
-4.754270017147064209e-01
2.901909649372100830e-01
1.174422025680541992e+00
3.497653305530548096e-01
