9.089688658714294434e-01
8.522041440010070801e-01
5.057300925254821777e-01
1.333672404289245605e+00
-1.147475361824035645e+00
1.550132632255554199e+00
-4.612024784088134766e+00
-1.092047691345214844e+00
-8.499303460121154785e-01
2.323565721511840820e+00
-9.955820441246032715e-01
-4.933279454708099365e-01
-6.637048125267028809e-01
5.408065915107727051e-01
9.734475016593933105e-01
1.297685384750366211e+00
7.519197463989257812e-02
1.360931873321533203e+00
-8.078696727752685547e-01
-2.640516757965087891e-01
8.667898178100585938e-01
-6.836175322532653809e-01
5.038376450538635254e-01
-2.098732888698577881e-01
-2.101798772811889648e+00
1.111958026885986328e+00
-1.575309157371520996e+00
-5.610817670822143555e-01
2.159321069717407227e+00
-4.043058454990386963e-01
-3.730165958404541016e-02
8.029314875602722168e-01
-7.083817124366760254e-01
-8.003829717636108398e-01
-4.609378278255462646e-01
-9.721042513847351074e-01
1.216860581189393997e-02
1.722323775291442871e+00
3.137208223342895508e-01
1.116427421569824219e+00
5.065941810607910156e-01
8.806191086769104004e-01
-1.060356721282005310e-01
1.626502275466918945e+00
-6.439031362533569336e-01
9.150581955909729004e-01
1.755022883415222168e+00
1.230029702186584473e+00
1.015433788299560547e+00
-1.801649332046508789e+00
2.660588264465332031e+00
9.202993512153625488e-01
-6.620731353759765625e-01
3.651576638221740723e-01
1.087373733520507812e+00
-1.267897129058837891e+00
4.263333603739738464e-02
1.652463197708129883e+00
-8.007497787475585938e-01
8.838109970092773438e-01
-1.338071227073669434e+00
-5.623131990432739258e-01
1.725309491157531738e+00
-6.357644796371459961e-01
4.658629298210144043e-01
-4.931918680667877197e-01
7.738123089075088501e-02
-1.354691624641418457e+00
-1.234047651290893555e+00
1.500628829002380371e+00
4.428628683090209961e-01
-2.344400644302368164e+00
-4.565103352069854736e-01
9.453791975975036621e-01
7.585830241441726685e-02
-1.293810009956359863e+00
1.032306432723999023e+00
2.698112428188323975e-01
-7.331520915031433105e-01
2.572560906410217285e-01
-1.322183132171630859e+00
1.558941364288330078e+00
1.454533219337463379e+00
5.558947920799255371e-01
3.965328335762023926e-01
5.695061087608337402e-01
1.805775284767150879e+00
1.647623538970947266e+00
1.510461807250976562e+00
1.311555147171020508e+00
9.267120361328125000e-01
4.787406027317047119e-01
1.278357058763504028e-01
2.001068115234375000e+00
-1.085475444793701172e+00
3.599736392498016357e-01
-1.712302803993225098e+00
1.220772862434387207e-01
-3.413304686546325684e-01
-7.221840620040893555e-01
-9.786745309829711914e-01
1.138447046279907227e+00
-2.296969890594482422e+00
6.095737218856811523e-01
-1.044653892517089844e+00
8.679645061492919922e-01
-4.318448007106781006e-01
-1.069217205047607422e+00
1.056432366371154785e+00
2.048606574535369873e-01
5.085372328758239746e-01
-4.924327731132507324e-01
8.666930347681045532e-02
1.744411826133728027e+00
2.020668983459472656e-01
-7.123698592185974121e-01
1.767444372177124023e+00
3.935405910015106201e-01
-5.157264322042465210e-02
-6.407948732376098633e-01
-1.086187005043029785e+00
3.184214830398559570e-01
-4.015030264854431152e-01
-1.012555480003356934e+00
-1.443537116050720215e+00
4.422970414161682129e-01
-8.165768980979919434e-01
5.717934966087341309e-01
-7.458658218383789062e-01
-4.799823462963104248e-02
1.568529248237609863e+00
9.192742109298706055e-01
1.054267883300781250e+00
1.471926093101501465e+00
-4.280087351799011230e-01
-2.603326439857482910e-01
2.553705573081970215e-01
-1.699812889099121094e+00
1.599222064018249512e+00
-7.235036492347717285e-01
2.700907289981842041e-01
-7.040960788726806641e-01
2.300445318222045898e+00
1.182127356529235840e+00
-3.432246446609497070e-01
3.487483412027359009e-02
5.916296243667602539e-01
-3.757347762584686279e-01
-4.220205545425415039e-01
2.338297516107559204e-01
-1.449736833572387695e+00
1.023808121681213379e+00
1.116935729980468750e+00
-5.895245075225830078e-01
