1.956153512001037598e-01
2.624668776988983154e-01
2.731371223926544189e-01
1.944686770439147949e-01
2.213096320629119873e-01
1.761837005615234375e-01
1.795704513788223267e-01
9.361298680305480957e-01
1.583967059850692749e-01
1.788044124841690063e-01
2.200033962726593018e-01
7.049492597579956055e-01
2.178458869457244873e-01
2.265480011701583862e-01
2.045160233974456787e-01
2.792894244194030762e-01
1.782628148794174194e-01
3.627296388149261475e-01
3.115120530128479004e-01
2.322409898042678833e-01
