-3.986244499683380127e-01
-1.779473125934600830e-01
-2.910626679658889771e-02
-7.070682197809219360e-02
2.221958190202713013e-01
-2.329272925853729248e-01
-6.616115570068359375e-02
1.988689899444580078e-01
-5.616156011819839478e-02
-7.007735967636108398e-02
1.693923622369766235e-01
2.031577378511428833e-01
5.181847140192985535e-02
1.177910789847373962e-01
-2.232109755277633667e-01
8.844513446092605591e-02
1.165143102407455444e-01
-1.169748827815055847e-01
-1.450516581535339355e-01
-2.259543240070343018e-01
