1.044764276593923569e-02
3.232662379741668701e-01
3.209911286830902100e-01
-2.971417307853698730e-01
9.716654568910598755e-02
-2.847436368465423584e-01
2.988119721412658691e-01
2.730309963226318359e-01
1.018653362989425659e-01
1.268063932657241821e-01
3.371478319168090820e-01
-6.087715271860361099e-03
1.891183108091354370e-01
3.368588387966156006e-01
-5.396058410406112671e-02
2.857796251773834229e-01
-2.071608901023864746e-01
8.424226939678192139e-02
-6.696915626525878906e-02
-1.162079572677612305e-01
