1.460122615098953247e-01
1.652276515960693359e-01
1.875820010900497437e-01
-1.636040061712265015e-01
-1.480287164449691772e-01
1.373708695173263550e-01
-1.545955389738082886e-01
2.112600505352020264e-01
-9.108014404773712158e-02
-1.227146312594413757e-01
4.682133197784423828e-01
3.432620167732238770e-01
-9.946154803037643433e-02
5.393716692924499512e-02
3.406497836112976074e-01
3.222128152847290039e-01
5.428345799446105957e-01
1.493172883987426758e+00
6.802539527416229248e-02
2.418460249900817871e-01
