-1.820108532905578613e+00
-1.569824814796447754e+00
1.781764745712280273e+00
-2.213809490203857422e+00
-1.353359103202819824e+00
6.231719851493835449e-01
7.848606705665588379e-01
-1.117028713226318359e+00
-1.151946280151605606e-02
8.441258072853088379e-01
-8.701163530349731445e-01
1.449233293533325195e+00
-4.974230527877807617e-01
-1.006156325340270996e+00
-4.205577969551086426e-01
-9.359724521636962891e-01
3.245038390159606934e-01
1.056257843971252441e+00
-7.378205657005310059e-01
1.701508641242980957e+00
-6.842491030693054199e-01
-1.299370169639587402e+00
-2.508236765861511230e-01
7.972667813301086426e-01
-1.725849211215972900e-01
-8.876237273216247559e-01
-1.396484136581420898e+00
7.189505696296691895e-01
-1.345089316368103027e+00
-1.101216197013854980e+00
-1.349960416555404663e-01
-1.925456047058105469e+00
9.394357800483703613e-01
-1.728454947471618652e+00
8.349818587303161621e-01
2.896603047847747803e-01
-2.135587930679321289e+00
