3.196402490139007568e-01
-3.694583475589752197e-01
6.544077396392822266e-02
-1.519602723419666290e-02
-1.726734638214111328e+00
6.772595047950744629e-01
-1.792854189872741699e+00
-2.499442398548126221e-01
-1.853556275367736816e+00
-9.261416196823120117e-01
-1.242968559265136719e+00
2.840383052825927734e-01
-3.845922946929931641e-01
4.198217298835515976e-03
1.324619770050048828e+00
2.476156800985336304e-01
5.304282307624816895e-01
1.882258057594299316e+00
1.170823812484741211e+00
-9.034420251846313477e-01
-8.076376318931579590e-01
1.253398060798645020e+00
-1.856777667999267578e-01
-1.404728770256042480e+00
2.539315521717071533e-01
3.035592474043369293e-02
-3.621409237384796143e-01
-2.885094583034515381e-01
-2.225569248199462891e+00
1.130127906799316406e+00
-6.897715330123901367e-01
-3.157204389572143555e-01
9.788458794355392456e-02
-6.381911635398864746e-01
-9.289859980344772339e-02
-6.309565305709838867e-01
-1.529218196868896484e+00
5.352224111557006836e-01
-1.025802612304687500e+00
1.369654685258865356e-01
1.787001848220825195e+00
5.808240771293640137e-01
-8.820031285285949707e-01
1.423985809087753296e-01
-1.071656942367553711e+00
5.496574640274047852e-01
9.396634101867675781e-01
-1.872096210718154907e-01
1.191272377967834473e+00
1.202075839042663574e+00
-4.161648750305175781e-01
5.334184169769287109e-01
-2.870624959468841553e-01
1.330641150474548340e+00
1.189953535795211792e-01
