-2.946289479732513428e-01
1.546909809112548828e+00
8.854749798774719238e-02
5.347217917442321777e-01
2.527994632720947266e+00
1.809577822685241699e+00
-7.173420786857604980e-01
1.867615103721618652e+00
1.453673481941223145e+00
1.222646713256835938e+00
-2.268810510635375977e+00
2.639172077178955078e-01
4.645156264305114746e-01
-3.790896832942962646e-01
-2.971244156360626221e-01
6.737080216407775879e-01
1.110208034515380859e+00
1.355429589748382568e-01
1.203126549720764160e+00
1.075628876686096191e+00
-5.579180121421813965e-01
4.105276465415954590e-01
-2.270379781723022461e+00
2.638225555419921875e+00
1.746574044227600098e-01
2.045743167400360107e-01
2.393802642822265625e+00
2.586092948913574219e-01
-8.733314871788024902e-01
-4.983212649822235107e-01
5.203321576118469238e-01
1.368588358163833618e-01
4.072504043579101562e-01
8.944807648658752441e-01
-8.169815540313720703e-01
3.840937046334147453e-03
1.379376053810119629e+00
-5.886431336402893066e-01
-3.228912353515625000e-01
1.209623515605926514e-01
-4.639231562614440918e-01
-1.064537405967712402e+00
-1.393472552299499512e+00
-3.336692154407501221e-01
-5.731075406074523926e-01
-6.965180039405822754e-01
1.981458425521850586e+00
-1.899916887283325195e+00
-1.540065765380859375e+00
-7.201811075210571289e-01
1.073672771453857422e+00
1.340374469757080078e+00
-1.710783094167709351e-01
2.984456419944763184e-01
2.315120458602905273e+00
