-3.715943098068237305e-01
1.201656699180603027e+00
1.343016743659973145e+00
1.607311367988586426e+00
1.624582856893539429e-01
7.708196640014648438e-01
-4.874205589294433594e-02
-9.158419966697692871e-01
-1.449924111366271973e+00
-1.588204979896545410e+00
5.049744844436645508e-01
-2.364145964384078979e-01
-2.008758783340454102e+00
-6.704467535018920898e-02
-1.054320931434631348e+00
6.689770817756652832e-01
1.152677893638610840e+00
3.928222954273223877e-01
3.821319639682769775e-01
1.533717632293701172e+00
-2.870143055915832520e-01
1.899311780929565430e+00
-7.834158539772033691e-01
1.027534365653991699e+00
1.536332249641418457e+00
7.849877476692199707e-01
8.572364449501037598e-01
-8.424383997917175293e-01
-4.313033819198608398e-01
2.038711160421371460e-01
-3.546577095985412598e-01
-6.742290258407592773e-01
1.359022259712219238e+00
1.567769765853881836e+00
1.771097660064697266e+00
3.240313148126006126e-03
5.111966729164123535e-01
1.879265755414962769e-01
1.978811323642730713e-01
-4.434300661087036133e-01
4.651573896408081055e-01
-1.869248300790786743e-01
6.532733440399169922e-01
2.353642433881759644e-01
3.316662311553955078e+00
4.254429340362548828e-01
-1.960075020790100098e+00
-4.452108442783355713e-01
1.591959595680236816e+00
1.211590647697448730e+00
-1.386781483888626099e-01
-8.867511749267578125e-01
-9.089676737785339355e-01
-6.666707396507263184e-01
-6.556953787803649902e-01
