1.448545813560485840e+00
1.370061397552490234e+00
1.376000404357910156e+00
-1.137604951858520508e+00
-1.374844312667846680e+00
-7.402583360671997070e-01
3.030299209058284760e-02
1.181042551994323730e+00
6.801146864891052246e-01
-6.302123665809631348e-01
-2.356720447540283203e+00
1.820608019828796387e+00
4.338434636592864990e-01
1.334521472454071045e-01
9.675254821777343750e-01
-4.434061050415039062e-01
6.319146156311035156e-01
-2.510191798210144043e-01
1.546246528625488281e+00
7.607975602149963379e-01
1.176697015762329102e-01
-3.323519825935363770e-01
-4.928807616233825684e-01
-1.557797551155090332e+00
2.279347896575927734e+00
-1.077010154724121094e+00
7.349156141281127930e-01
2.359437644481658936e-01
2.623681128025054932e-01
-2.289907455444335938e+00
-1.101031541824340820e+00
3.628939688205718994e-01
4.019929170608520508e-01
-9.177418351173400879e-01
-2.652716636657714844e+00
4.085094332695007324e-01
8.472933173179626465e-01
1.400579214096069336e+00
1.060232520103454590e+00
1.199693202972412109e+00
1.694072246551513672e+00
1.088403314352035522e-01
2.243614196777343750e+00
5.459107756614685059e-01
1.482025384902954102e+00
1.760838776826858521e-01
6.310005784034729004e-01
-5.474300310015678406e-02
-2.289522439241409302e-02
-7.561332583427429199e-01
3.692435026168823242e-01
-1.143137663602828979e-01
2.877665162086486816e-01
-1.148344755172729492e+00
-1.571245074272155762e+00
