2.603724896907806396e-01
2.803060412406921387e-01
1.762042343616485596e-01
2.226093262434005737e-01
2.989995479583740234e-01
2.410442382097244263e-01
3.124118745326995850e-01
4.941565096378326416e-01
2.921678423881530762e-01
2.104756832122802734e-01
3.123975098133087158e-01
2.389899194240570068e-01
1.885494589805603027e-01
1.586214303970336914e-01
1.421572417020797729e-01
1.669366657733917236e-01
1.818226128816604614e-01
2.535514533519744873e-01
2.571019828319549561e-01
-7.476955652236938477e-02
