-7.316427826881408691e-01
-5.519743263721466064e-02
-6.196028590202331543e-01
-1.237106442451477051e+00
2.893845438957214355e-01
-2.817749381065368652e-01
1.200292348861694336e+00
-1.618707537651062012e+00
2.505985975265502930e+00
-2.672629058361053467e-01
-3.148458003997802734e-01
1.427873969078063965e+00
-1.285759568214416504e+00
-3.556559681892395020e-01
8.519864678382873535e-01
1.863307356834411621e+00
-1.539709717035293579e-01
-3.375904560089111328e-01
-1.044539570808410645e+00
-9.651172161102294922e-01
5.585531592369079590e-01
1.029644012451171875e+00
3.158269524574279785e-01
1.150189563632011414e-01
-1.570036530494689941e+00
-3.811079859733581543e-01
-1.570407390594482422e+00
1.113776683807373047e+00
-4.396344125270843506e-01
-1.286032795906066895e+00
-5.330535769462585449e-02
7.228283584117889404e-02
-1.606853127479553223e+00
-1.378056406974792480e+00
4.139067828655242920e-01
-8.421677350997924805e-01
5.621531605720520020e-01
3.683843612670898438e-01
-1.707627654075622559e+00
-1.170331239700317383e+00
3.215470612049102783e-01
1.246019363403320312e+00
-3.411977589130401611e-01
-1.977517753839492798e-01
6.376061439514160156e-01
-1.881453275680541992e+00
2.562104761600494385e-01
1.186159253120422363e+00
5.573214888572692871e-01
-1.423355817794799805e+00
-9.602357149124145508e-01
1.860559105873107910e+00
-1.034264206886291504e+00
5.135443061590194702e-02
5.425420999526977539e-01
5.677793547511100769e-02
3.983595669269561768e-01
1.154719591140747070e+00
1.391880393028259277e+00
6.368427723646163940e-02
2.144366651773452759e-01
2.210282534360885620e-01
-1.021455287933349609e+00
2.157932519912719727e-01
6.453847289085388184e-01
1.313939809799194336e+00
-8.562232851982116699e-01
-3.907960057258605957e-01
1.555015325546264648e+00
-5.195504426956176758e-01
2.370302438735961914e+00
-8.083529770374298096e-02
-3.358126282691955566e-01
2.371391505002975464e-01
5.931875854730606079e-02
5.108610391616821289e-01
-3.332739472389221191e-01
-1.163322567939758301e+00
1.370331738144159317e-02
-3.193486690521240234e+00
-1.025483012199401855e+00
7.373601198196411133e-01
-3.835781216621398926e-01
2.541864395141601562e+00
1.810144037008285522e-01
-1.236140847206115723e+00
9.392055124044418335e-02
-4.953473061323165894e-02
4.492803514003753662e-01
3.629949688911437988e-01
-4.805306196212768555e-01
9.057031273841857910e-01
1.595318078994750977e+00
1.368854343891143799e-01
-6.561517119407653809e-01
-8.288207650184631348e-01
-1.210940241813659668e+00
9.868881702423095703e-01
1.216096520423889160e+00
-5.212405920028686523e-01
5.592141151428222656e-01
3.442645445466041565e-02
-1.872143030166625977e+00
-1.131379604339599609e+00
6.076394915580749512e-01
6.721686124801635742e-01
2.160030305385589600e-01
-5.864385366439819336e-01
5.187222361564636230e-01
7.246915102005004883e-01
-1.837341934442520142e-01
-1.299916028976440430e+00
-7.038381099700927734e-01
-1.085766032338142395e-01
-6.274643540382385254e-01
-6.294707655906677246e-01
-1.246687546372413635e-01
-2.496294975280761719e-01
-7.744672149419784546e-02
-8.949113488197326660e-01
-2.360211849212646484e+00
-4.861883521080017090e-01
2.750847816467285156e+00
4.711286351084709167e-02
1.749844789505004883e+00
6.866183876991271973e-01
-1.860745072364807129e+00
5.097616910934448242e-01
-7.361919879913330078e-01
-2.840727567672729492e-01
1.241096735000610352e+00
1.242425918579101562e+00
9.633484482765197754e-01
-2.344436198472976685e-01
-1.091385483741760254e+00
7.115280628204345703e-02
6.069986820220947266e-01
-3.861785829067230225e-01
-9.606232494115829468e-02
6.063471436500549316e-01
5.121319293975830078e-01
-1.375585079193115234e+00
2.002821683883666992e+00
1.971970312297344208e-02
1.745905131101608276e-01
9.524834156036376953e-01
-4.159815609455108643e-01
-6.676416397094726562e-01
-2.767221927642822266e-01
-4.442186653614044189e-01
6.305196285247802734e-01
-1.348124384880065918e+00
1.550988197326660156e+00
7.840056419372558594e-01
-1.325877308845520020e+00
7.121217250823974609e-01
-1.933433890342712402e+00
1.589784026145935059e+00
-6.351388990879058838e-02
5.742963552474975586e-01
-4.307529926300048828e-01
-6.050213575363159180e-01
2.120414972305297852e-01
-3.252070844173431396e-01
-1.538222312927246094e+00
-1.959945634007453918e-02
-1.279846787452697754e+00
2.024826109409332275e-01
1.262226819992065430e+00
-1.012826323509216309e+00
3.836566209793090820e-02
5.247659683227539062e-01
1.833029985427856445e+00
3.299757838249206543e-01
-1.856548547744750977e+00
-9.453006386756896973e-01
-3.988448083400726318e-01
9.818776249885559082e-01
-4.746933281421661377e-01
1.057681322097778320e+00
6.115095019340515137e-01
1.186372876167297363e+00
9.345203638076782227e-01
-6.714785695075988770e-01
