7.460028678178787231e-02
8.091807365417480469e-02
2.243649065494537354e-01
2.605762705206871033e-02
2.743670046329498291e-01
-1.670946180820465088e-01
-3.667639940977096558e-02
-1.000652238726615906e-01
-1.065257098525762558e-02
2.210849076509475708e-01
2.842476069927215576e-01
-9.786670655012130737e-02
3.971528634428977966e-02
4.577648267149925232e-02
9.454754181206226349e-03
1.552282124757766724e-01
5.371867865324020386e-02
1.001529693603515625e-01
-1.091380715370178223e-01
2.374981343746185303e-01
