1.628855168819427490e-01
1.086662784218788147e-01
2.835239768028259277e-01
3.525097668170928955e-01
1.254182010889053345e-01
-5.274296924471855164e-02
1.360421776771545410e-01
4.355505481362342834e-02
2.423188984394073486e-01
2.907659411430358887e-01
2.971889376640319824e-01
3.128032386302947998e-01
2.888511419296264648e-01
-2.463778853416442871e-01
3.743129596114158630e-02
4.187827706336975098e-01
-1.737880408763885498e-01
-1.196705698966979980e-01
3.318095505237579346e-01
3.114892840385437012e-01
