9.103029966354370117e-01
-8.045938014984130859e-01
1.818204224109649658e-01
8.520007133483886719e-01
5.055233836174011230e-01
1.105326786637306213e-01
-1.643878407776355743e-02
2.319402620196342468e-02
1.175125360488891602e+00
-8.875406384468078613e-01
-7.571236491203308105e-01
7.932800054550170898e-01
4.390620160847902298e-03
-8.199492692947387695e-01
2.413603067398071289e-01
1.176896214485168457e+00
-7.195495963096618652e-01
5.037556216120719910e-02
6.346755623817443848e-01
-5.933059379458427429e-02
-1.078722476959228516e+00
-2.134014606475830078e+00
6.083637475967407227e-01
-2.183914184570312500e-01
-8.216618895530700684e-01
5.662679076194763184e-01
2.265287637710571289e+00
-1.843496561050415039e-01
5.518649220466613770e-01
-9.892526865005493164e-01
-5.441170334815979004e-01
-1.237342476844787598e+00
6.829838156700134277e-01
-7.187893986701965332e-01
1.984742283821105957e-01
1.607885956764221191e+00
1.715072393417358398e-01
