2.035375535488128662e-01
2.074577808380126953e-01
-2.087044864892959595e-01
-1.893836706876754761e-01
-1.948952972888946533e-01
1.866130977869033813e-01
-1.690369844436645508e-01
1.803954839706420898e-01
1.907736808061599731e-01
-1.822007298469543457e-01
1.615173667669296265e-01
1.455098092555999756e-01
1.343270540237426758e-01
2.227389812469482422e-01
2.860934436321258545e-01
2.983690202236175537e-01
2.282706499099731445e-01
2.986357212066650391e-01
3.075855374336242676e-01
2.183397561311721802e-01
