-1.039078086614608765e-01
2.163870811462402344e+00
-1.330823451280593872e-01
-9.934817552566528320e-01
1.257981419563293457e+00
-1.002458810806274414e+00
1.409722685813903809e+00
-9.478508830070495605e-01
1.137948393821716309e+00
-7.963251471519470215e-01
3.379417955875396729e-01
-8.599257469177246094e-01
-4.486459791660308838e-01
-1.229481577873229980e+00
6.882436573505401611e-02
8.008434176445007324e-01
-1.802259206771850586e+00
3.167742192745208740e-01
1.516048073768615723e+00
8.671796321868896484e-01
-6.190897226333618164e-01
-6.527954339981079102e-01
1.256533622741699219e+00
-5.928611755371093750e-01
2.772065997123718262e-01
-2.212326675653457642e-01
-6.173814535140991211e-01
-7.957168221473693848e-01
-2.174885720014572144e-01
6.523777246475219727e-01
8.698439598083496094e-01
-5.139945745468139648e-01
-1.168291687965393066e+00
-6.882976293563842773e-01
-8.568945527076721191e-01
-3.157966583967208862e-02
-9.550209045410156250e-01
-3.752804100513458252e-01
-5.807432532310485840e-01
-2.471485137939453125e+00
2.006680965423583984e+00
-9.888924360275268555e-01
8.154988884925842285e-01
1.674839138984680176e+00
-5.708919167518615723e-01
3.481573760509490967e-01
1.131288886070251465e+00
-1.224851608276367188e+00
8.175059556961059570e-01
-8.862980604171752930e-01
1.582729101181030273e+00
1.383566617965698242e+00
1.334411948919296265e-01
1.329469829797744751e-01
-1.114188671112060547e+00
1.006033182144165039e+00
6.267720460891723633e-01
-9.027583003044128418e-01
-1.104571342468261719e+00
-2.918130755424499512e-01
-4.255246021784842014e-04
9.215416908264160156e-01
6.500150561332702637e-01
7.455858588218688965e-01
-2.160145044326782227e+00
5.343927741050720215e-01
-7.309660911560058594e-01
6.318984180688858032e-02
-3.335821032524108887e-01
1.462631225585937500e+00
-9.015421271324157715e-01
-1.408558845520019531e+00
3.850493669509887695e+00
-1.588660478591918945e-01
6.876627206802368164e-01
-3.676660656929016113e-01
-3.829486370086669922e-01
3.228948265314102173e-02
-6.792132258415222168e-01
-9.183017909526824951e-02
1.219383716583251953e+00
7.589435577392578125e-01
-7.153580784797668457e-01
5.345399305224418640e-02
-7.195321321487426758e-01
-1.296370983123779297e+00
-1.129352301359176636e-01
-8.063104748725891113e-01
8.721676468849182129e-02
-6.139051914215087891e-01
5.598230361938476562e-01
1.472032666206359863e+00
2.212110280990600586e+00
2.342161722481250763e-02
9.875048995018005371e-01
1.134724020957946777e+00
-8.209763765335083008e-01
2.110495567321777344e-01
5.921576023101806641e-01
1.882509708404541016e+00
-9.816350787878036499e-02
9.114463329315185547e-01
-1.302841603755950928e-01
-1.535416364669799805e+00
-5.374863743782043457e-01
7.417485117912292480e-01
4.392735064029693604e-01
-1.524633765220642090e-01
-1.939911544322967529e-01
-3.181039690971374512e-01
2.031720578670501709e-01
-3.296591341495513916e-01
-1.019741073250770569e-01
1.947850883007049561e-01
1.001743674278259277e+00
2.353991746902465820e+00
-1.040984153747558594e+00
5.414925217628479004e-01
-1.288302779197692871e+00
3.221259415149688721e-01
1.191940665245056152e+00
-1.283403277397155762e+00
-6.795170251280069351e-03
-7.923665046691894531e-01
5.836121737957000732e-02
-1.442577362060546875e+00
-1.633701205253601074e+00
6.278712153434753418e-01
-4.244914948940277100e-01
1.086814045906066895e+00
7.376511096954345703e-01
-4.444544911384582520e-01
6.641837954521179199e-01
2.059948205947875977e+00
1.734091490507125854e-01
1.483887553215026855e+00
-3.323920667171478271e-01
6.515948176383972168e-01
-7.029583454132080078e-01
-3.648847341537475586e-01
5.837551355361938477e-01
1.651606857776641846e-01
-1.083769679069519043e+00
1.764047861099243164e+00
7.898253202438354492e-01
1.492136955261230469e+00
-2.594978809356689453e-01
4.438447058200836182e-01
-3.372457921504974365e-01
1.491082549095153809e+00
-9.844213724136352539e-01
1.467579603195190430e+00
1.464089512825012207e+00
-2.856999337673187256e-01
