-1.398741751909255981e-01
2.200346291065216064e-01
-1.306420750916004181e-02
-1.057361885905265808e-01
9.509593248367309570e-02
8.256351202726364136e-02
1.254467517137527466e-01
5.038280040025711060e-02
-1.058543547987937927e-01
-1.484867334365844727e-01
2.233346700668334961e-01
6.649895757436752319e-02
-7.828327268362045288e-02
1.060399189591407776e-01
2.210085047408938408e-03
8.225259371101856232e-03
-1.654293686151504517e-01
9.128488600254058838e-02
4.393514096736907959e-01
1.699213534593582153e-01
