2.885076403617858887e-01
2.034337967634201050e-01
2.493773400783538818e-01
2.305744886398315430e-01
4.933805763721466064e-01
1.848277896642684937e-01
1.939771622419357300e-01
1.821624189615249634e-01
2.499763369560241699e-01
1.599952727556228638e-01
1.876197904348373413e-01
2.226843386888504028e-01
1.933091729879379272e-01
3.088196516036987305e-01
2.372693121433258057e-01
1.481394022703170776e-01
1.885428875684738159e-01
1.639584004878997803e-01
7.310533523559570312e-01
2.525781095027923584e-01
