-4.474289715290069580e-02
-4.942668229341506958e-02
1.351538747549057007e-01
-1.351460814476013184e-01
-9.315586835145950317e-02
-1.734799519181251526e-02
3.050273098051548004e-02
1.950300931930541992e-01
1.613235622644424438e-01
8.250351995229721069e-02
1.812652684748172760e-02
1.364739686250686646e-01
5.603405460715293884e-02
4.458830878138542175e-02
2.393564283847808838e-01
1.128125935792922974e-01
2.536796033382415771e-01
1.082184761762619019e-01
6.990767270326614380e-02
1.128730297088623047e+00
