-1.350721120834350586e+00
-1.512006282806396484e+00
2.138412714004516602e+00
1.493726372718811035e+00
1.448100209236145020e+00
-1.324529290199279785e+00
-1.668643951416015625e+00
1.630031824111938477e+00
-1.754195451736450195e+00
-1.167863011360168457e+00
-1.379928708076477051e+00
9.768264293670654297e-01
-5.658387541770935059e-01
-8.111345171928405762e-01
1.463442921638488770e+00
1.074832201004028320e+00
-2.018162250518798828e+00
1.232175469398498535e+00
2.383058309555053711e+00
7.165759801864624023e-03
-9.129563570022583008e-01
-1.727924466133117676e+00
5.569835901260375977e-01
6.944266557693481445e-01
-7.717934846878051758e-01
-5.902910828590393066e-01
1.365149915218353271e-01
7.320040464401245117e-01
-1.036643505096435547e+00
3.732990920543670654e-01
2.443176954984664917e-01
6.352908015251159668e-01
1.624034643173217773e+00
-1.487308740615844727e+00
-1.157094478607177734e+00
1.630705118179321289e+00
-5.100033283233642578e-01
