7.764867693185806274e-02
7.449116557836532593e-02
1.448517143726348877e-01
-1.311551127582788467e-02
4.105379581451416016e-01
1.670310050249099731e-01
2.549991607666015625e-01
-7.703339308500289917e-02
2.587441354990005493e-02
6.404452491551637650e-03
-4.492831230163574219e-01
1.024772152304649353e-01
2.862310111522674561e-01
-1.623986959457397461e-01
-2.132702767848968506e-01
1.075814813375473022e-01
-1.873494498431682587e-02
-7.070010155439376831e-02
1.056714132428169250e-01
-2.113384604454040527e-01
