-1.424345374107360840e+00
1.805481672286987305e+00
4.320577383041381836e-01
5.875521898269653320e-01
-3.849543333053588867e-01
4.008334279060363770e-01
7.796052098274230957e-01
-1.020993590354919434e+00
-1.224612951278686523e+00
-7.444216012954711914e-01
-1.525617837905883789e-01
8.065923452377319336e-01
3.777201473712921143e-01
-1.037497401237487793e+00
-1.562670707702636719e+00
-8.317877054214477539e-01
1.419632673263549805e+00
-1.659063696861267090e+00
5.749354362487792969e-01
-3.287418186664581299e-01
-5.208793282508850098e-01
5.936844348907470703e-01
-4.077251553535461426e-01
-6.181625183671712875e-03
6.930912733078002930e-01
4.522202908992767334e-01
-1.332310676574707031e+00
-7.431412935256958008e-01
3.315310478210449219e-01
6.337866187095642090e-01
-1.330893397331237793e+00
-5.054250955581665039e-01
-2.340982437133789062e+00
-8.336352705955505371e-01
3.744278848171234131e-01
8.296615481376647949e-01
1.727755069732666016e+00
-5.935755968093872070e-01
3.746850192546844482e-01
4.368496537208557129e-01
-9.625239372253417969e-01
1.728747129440307617e+00
-5.019057989120483398e-01
-5.084403753280639648e-01
6.344537734985351562e-01
6.075905561447143555e-01
-1.030253171920776367e+00
6.463418006896972656e-01
-1.817527532577514648e+00
5.222116708755493164e-01
-7.740337848663330078e-01
4.032178521156311035e-01
-1.223008632659912109e+00
8.873912692070007324e-01
1.055631160736083984e+00
5.792392492294311523e-01
1.578699588775634766e+00
-1.093201637268066406e+00
-3.696161881089210510e-02
-1.853480935096740723e+00
-1.100477457046508789e+00
3.539927601814270020e-01
1.709514260292053223e+00
6.767418384552001953e-01
-1.351298451423645020e+00
5.768923163414001465e-01
1.194643974304199219e+00
3.501546382904052734e-01
7.368941903114318848e-01
1.800956249237060547e+00
-4.120435416698455811e-01
1.774476766586303711e-01
-1.856010317802429199e+00
-1.821558952331542969e+00
-5.307863354682922363e-01
-2.721895873546600342e-01
1.000722289085388184e+00
-5.268883109092712402e-01
-6.624668836593627930e-01
1.496899873018264771e-01
-6.414053589105606079e-02
7.635151147842407227e-01
1.438612818717956543e+00
-3.186867535114288330e-01
-3.931427896022796631e-01
3.045843727886676788e-02
1.116297602653503418e+00
-3.261518180370330811e-01
1.036265015602111816e+00
-1.218259811401367188e+00
-8.821683526039123535e-01
6.551068425178527832e-01
-5.054482817649841309e-01
-1.639039039611816406e+00
1.463069677352905273e+00
9.813664853572845459e-02
3.699504137039184570e-01
-1.510564804077148438e+00
3.088690638542175293e-01
1.070118665695190430e+00
6.631637215614318848e-01
5.244928598403930664e-01
-7.669672369956970215e-01
9.394944310188293457e-01
-1.513548016548156738e+00
5.193821191787719727e-01
-8.639743924140930176e-01
-4.664336740970611572e-01
6.032633781433105469e-01
-2.091764062643051147e-01
1.479810953140258789e+00
5.661625862121582031e-01
1.063929080963134766e+00
-6.720566004514694214e-02
3.115638196468353271e-01
-1.511592507362365723e+00
-1.601366877555847168e+00
-6.086441874504089355e-01
4.487509131431579590e-01
-2.481928318738937378e-01
-8.220332860946655273e-01
2.418773062527179718e-02
-2.381905019283294678e-01
1.371798396110534668e+00
-1.112894058227539062e+00
1.996623039245605469e+00
-1.858259737491607666e-01
3.334959983825683594e+00
7.453454732894897461e-01
1.022650957107543945e+00
-1.118923902511596680e+00
9.504507780075073242e-01
7.399317026138305664e-01
6.431670784950256348e-01
-4.691743850708007812e-01
-1.327742576599121094e+00
1.004570245742797852e+00
-7.883841991424560547e-01
-8.049163222312927246e-01
-4.527500867843627930e-01
5.358687043190002441e-01
-1.113846421241760254e+00
-1.136575698852539062e+00
-1.576101183891296387e+00
-1.413156032562255859e+00
-7.008421421051025391e-01
-9.032800793647766113e-01
-1.068001866340637207e+00
1.238624811172485352e+00
-1.769771933555603027e+00
3.712679743766784668e-01
-1.298855066299438477e+00
-5.689786672592163086e-01
7.165762186050415039e-01
