1.499234288930892944e-01
9.662313014268875122e-02
1.840613633394241333e-01
3.334769308567047119e-01
1.866122484207153320e-01
8.126637339591979980e-02
2.365924119949340820e-01
2.029525190591812134e-01
1.453196257352828979e-01
1.299625933170318604e-01
2.571133375167846680e-01
2.466514855623245239e-01
1.445526778697967529e-01
6.145672202110290527e-01
1.643612980842590332e-01
1.642988324165344238e-01
2.303417026996612549e-01
6.334832310676574707e-01
1.921018064022064209e-01
7.341225147247314453e-01
