5.464442446827888489e-02
-1.693965494632720947e-01
1.108213290572166443e-01
-2.289227209985256195e-02
4.770484752953052521e-03
1.462409738451242447e-02
-9.109023213386535645e-02
1.616380661725997925e-01
-3.930310194846242666e-04
-1.138030588626861572e-01
7.182940095663070679e-02
-9.731264412403106689e-02
-3.007935360074043274e-02
1.222764402627944946e-01
-4.669040068984031677e-02
-1.448423117399215698e-01
5.839294288307428360e-03
2.862564846873283386e-02
8.768648654222488403e-02
-3.164806962013244629e-02
