-1.805698424577713013e-01
-1.615942120552062988e-01
-2.292501777410507202e-01
-1.409652382135391235e-01
2.945999503135681152e-01
1.818729639053344727e-01
-1.508453488349914551e-01
1.301632970571517944e-01
-1.969786584377288818e-01
-1.225418150424957275e-01
-1.992158740758895874e-01
1.263263821601867676e-01
-4.923254624009132385e-02
2.097399085760116577e-01
2.327270656824111938e-01
1.801616847515106201e-01
-2.627318911254405975e-02
2.660725712776184082e-01
2.779917716979980469e-01
1.277862191200256348e-01
