-2.996124625205993652e-01
-1.026800647377967834e-02
2.238534390926361084e-01
-2.243854999542236328e-01
2.018440961837768555e-01
3.041240572929382324e-01
1.560084670782089233e-01
1.184218004345893860e-01
-3.856470286846160889e-01
1.968471407890319824e-01
2.220166772603988647e-01
-6.019838452339172363e-01
-5.728396773338317871e-01
7.028427720069885254e-02
-3.253717422485351562e-01
-2.525619268417358398e-01
2.691314816474914551e-01
-2.432655394077301025e-01
2.599458098411560059e-01
-1.435801088809967041e-01
