-1.705982327461242676e+00
1.174378871917724609e+00
-9.079494476318359375e-01
1.281020045280456543e+00
1.474886655807495117e+00
-1.088344693183898926e+00
1.725214242935180664e+00
-9.851362109184265137e-01
-1.266255676746368408e-01
-4.300993084907531738e-01
-7.331033349037170410e-01
8.903283476829528809e-01
5.883932709693908691e-01
-4.391586184501647949e-01
9.192945361137390137e-01
1.127045750617980957e+00
-6.232663989067077637e-03
1.058818459510803223e+00
2.872592210769653320e-01
-1.401918172836303711e+00
2.180871725082397461e+00
1.267245531082153320e+00
6.959045529365539551e-01
3.080440163612365723e-01
3.635772764682769775e-01
-1.314046859741210938e+00
1.461593389511108398e+00
-1.507632136344909668e+00
-3.833422183990478516e+00
-8.120651245117187500e-01
-1.112995862960815430e+00
4.324428141117095947e-01
1.177567601203918457e+00
-7.267908453941345215e-01
-2.340056747198104858e-01
-2.860482454299926758e+00
1.202989459037780762e+00
