1.516227126121520996e+00
4.579180479049682617e-01
3.014567494392395020e-01
-3.154747486114501953e-01
8.503884673118591309e-01
-1.527963757514953613e+00
1.045199990272521973e+00
1.608111023902893066e+00
-1.836151927709579468e-01
5.453536510467529297e-01
9.537026286125183105e-01
-3.636080622673034668e-01
-1.214245200157165527e+00
9.503602385520935059e-01
6.859231740236282349e-02
2.133810758590698242e+00
-1.420956254005432129e-01
1.258028596639633179e-01
5.297732949256896973e-01
4.650082886219024658e-01
-6.798010468482971191e-01
-8.920145779848098755e-02
-2.442291259765625000e+00
1.683398485183715820e+00
-4.035818576812744141e-01
1.050566792488098145e+00
-8.349764943122863770e-01
-8.884863257408142090e-01
-2.074663490056991577e-01
8.386744260787963867e-01
1.638127446174621582e+00
-8.270199894905090332e-01
6.521791219711303711e-01
-1.282012581825256348e+00
-1.518791675567626953e+00
-7.621990889310836792e-02
-6.015003919601440430e-01
-4.574178755283355713e-01
-6.966227889060974121e-01
1.964434027671813965e+00
-1.035381793975830078e+00
-9.036983847618103027e-01
5.422705411911010742e-01
-1.256040453910827637e+00
1.094241619110107422e+00
1.389439702033996582e-01
1.183330640196800232e-01
7.985802888870239258e-01
-1.333746314048767090e-01
-7.610977441072463989e-02
-1.953522562980651855e-01
5.881643295288085938e-01
-1.992947220802307129e+00
-1.444797277450561523e+00
2.259705811738967896e-01
-1.755590796470642090e+00
-1.823236346244812012e-01
8.275011181831359863e-01
-2.913832850754261017e-02
2.216419219970703125e+00
-1.789849698543548584e-01
5.225059390068054199e-01
-2.238610506057739258e+00
1.073954582214355469e+00
-3.983744680881500244e-01
-1.352578401565551758e+00
-1.529038429260253906e+00
-3.640178963541984558e-02
8.724926114082336426e-01
-9.854280203580856323e-02
1.047183871269226074e+00
-2.287756204605102539e+00
-1.189868807792663574e+00
8.920855522155761719e-01
-5.475372821092605591e-02
7.523454725742340088e-02
1.974473148584365845e-01
-1.956304013729095459e-01
9.979561567306518555e-01
-1.663595199584960938e+00
9.005889296531677246e-01
-2.518728673458099365e-01
1.625563949346542358e-01
-9.433016777038574219e-01
-1.102361559867858887e+00
6.095640063285827637e-01
1.960431694984436035e+00
-2.541938781738281250e+00
-3.376141190528869629e-01
1.042200684547424316e+00
8.327227234840393066e-01
1.330072432756423950e-01
-1.021249175071716309e+00
1.678345680236816406e+00
-8.700559139251708984e-01
-6.984504312276840210e-02
-4.427920579910278320e-01
-1.569174289703369141e+00
-1.119427662342786789e-02
3.120762407779693604e-01
4.678666293621063232e-01
-1.702938675880432129e-01
1.097174763679504395e+00
-6.744828224182128906e-01
7.737984880805015564e-03
9.796854853630065918e-01
1.987324476242065430e+00
1.308593600988388062e-01
-3.975341320037841797e-01
7.150307297706604004e-01
-3.335286080837249756e-01
9.630560278892517090e-01
1.548760771751403809e+00
1.471218824386596680e+00
8.752319216728210449e-01
2.826810181140899658e-01
1.949364095926284790e-01
-1.063401818275451660e+00
3.763539493083953857e-01
-1.848349273204803467e-01
1.011420726776123047e+00
-6.737393736839294434e-01
2.695644795894622803e-01
9.684302210807800293e-01
-2.178721129894256592e-01
6.161323189735412598e-01
-2.106000483036041260e-01
-1.179039359092712402e+00
-2.005724012851715088e-01
4.129062592983245850e-01
-9.404409527778625488e-01
1.110213771462440491e-01
-1.550885319709777832e+00
7.969585657119750977e-01
4.630561172962188721e-02
-1.516767684370279312e-02
-7.920629978179931641e-01
2.388280257582664490e-02
-3.227102756500244141e-01
-1.001553058624267578e+00
-1.470757834613323212e-02
1.566985130310058594e+00
5.862856656312942505e-02
-1.277855157852172852e+00
5.269994139671325684e-01
-7.233514189720153809e-01
4.255695641040802002e-01
-1.109585404396057129e+00
-2.094754219055175781e+00
-4.323650002479553223e-01
-1.813089400529861450e-01
-7.727242708206176758e-01
-7.093763947486877441e-01
2.505451440811157227e-01
3.755529224872589111e-01
7.319684624671936035e-01
1.014838814735412598e-01
1.390701413154602051e+00
7.305013388395309448e-02
1.891738772392272949e+00
6.531705856323242188e-01
5.327000617980957031e-01
-1.578916311264038086e-01
5.524650812149047852e-01
-4.742476344108581543e-01
-1.598060250282287598e+00
1.234405994415283203e+00
1.504604339599609375e+00
-4.229004085063934326e-01
-1.638666093349456787e-01
-7.211824655532836914e-01
2.822759747505187988e-01
-6.128263473510742188e-01
-6.183014512062072754e-01
1.744694828987121582e+00
6.946978569030761719e-01
1.012214660644531250e+00
4.121549129486083984e-01
-3.481050133705139160e-01
5.863749384880065918e-01
3.750087022781372070e-01
8.725275397300720215e-01
5.605210661888122559e-01
7.438857853412628174e-02
1.929176092147827148e+00
1.876997590065002441e+00
-1.020843982696533203e+00
-3.181067407131195068e-01
1.910672336816787720e-02
-8.485524654388427734e-01
-4.131058156490325928e-01
-4.517734348773956299e-01
-1.053379569202661514e-02
-6.051132678985595703e-01
7.309551835060119629e-01
7.381404936313629150e-02
1.315480113029479980e+00
-8.073074370622634888e-02
4.877206385135650635e-01
7.791431546211242676e-01
-1.005154177546501160e-01
-2.804043889045715332e-01
9.111917763948440552e-02
-1.038688063621520996e+00
6.232302188873291016e-01
1.809646040201187134e-01
-1.081739187240600586e+00
5.525162816047668457e-01
1.737915426492691040e-01
1.528802037239074707e+00
