1.467124342918395996e+00
4.417683184146881104e-01
2.895034551620483398e-01
-4.158056974411010742e-01
9.533858895301818848e-01
-5.038005113601684570e-01
-5.716809630393981934e-01
-3.268092125654220581e-02
-2.238906919956207275e-01
2.412339448928833008e-01
-2.280880659818649292e-01
2.155709266662597656e-01
-3.130598366260528564e-01
-5.220178365707397461e-01
-1.520439088344573975e-01
9.987211227416992188e-01
-7.723464965820312500e-01
6.575610637664794922e-01
1.072849512100219727e+00
5.771531462669372559e-01
5.225540399551391602e-01
1.039227724075317383e+00
1.014671206474304199e+00
8.816549181938171387e-01
1.296949863433837891e+00
3.819034099578857422e-01
-6.273791659623384476e-03
-1.274944663047790527e+00
6.756684184074401855e-01
1.715705871582031250e+00
3.291334807872772217e-01
-1.335978865623474121e+00
-1.463022708892822266e+00
1.489917188882827759e-01
1.392162322998046875e+00
-7.563986778259277344e-01
-1.167575359344482422e+00
3.986240327358245850e-01
-5.685139894485473633e-01
1.019799828529357910e+00
-2.867403328418731689e-01
-9.734911918640136719e-01
-2.661546766757965088e-01
1.296644657850265503e-01
1.160830736160278320e+00
-2.224694013595581055e+00
1.848799437284469604e-01
-1.364592313766479492e+00
-1.648527383804321289e+00
1.519089698791503906e+00
-5.564065575599670410e-01
1.645159870386123657e-01
-4.393207132816314697e-01
5.030373930931091309e-01
6.249049901962280273e-01
-2.439449727535247803e-01
6.949142813682556152e-01
-5.362306833267211914e-01
3.615273833274841309e-01
-1.333811759948730469e+00
7.728243470191955566e-01
7.558885216712951660e-01
-1.252394616603851318e-01
5.312847495079040527e-01
5.767493247985839844e-01
-1.687949448823928833e-01
-5.045133233070373535e-01
1.071031570434570312e+00
-6.737895011901855469e-01
1.141826987266540527e+00
8.615145087242126465e-01
8.584078550338745117e-01
-3.174635171890258789e-01
-2.251253873109817505e-01
-6.448273658752441406e-01
-5.621842145919799805e-01
7.366998195648193359e-01
-1.791568279266357422e+00
-5.821068957448005676e-02
6.607924401760101318e-02
3.663035333156585693e-01
1.307072162628173828e+00
-7.813833951950073242e-01
7.315073013305664062e-01
1.047722995281219482e-01
5.362324118614196777e-01
-2.986272573471069336e-01
2.070383787155151367e+00
-3.363397419452667236e-01
1.463704556226730347e-01
-9.367745369672775269e-02
3.555336296558380127e-01
-2.519221901893615723e-01
-1.964955031871795654e-01
-1.166612982749938965e+00
-2.066577434539794922e+00
1.272205233573913574e+00
-1.106971979141235352e+00
-2.162491321563720703e+00
3.386353328824043274e-02
8.717814683914184570e-01
-4.492170512676239014e-01
-1.079848170280456543e+00
5.097092390060424805e-01
-1.552869319915771484e+00
1.031159162521362305e+00
2.257872670888900757e-01
-8.752045035362243652e-02
-7.502706050872802734e-01
7.402818799018859863e-01
2.484235167503356934e-01
1.964194774627685547e+00
3.072583675384521484e-01
1.443681716918945312e+00
-1.126454770565032959e-01
-1.270379424095153809e+00
4.918092787265777588e-01
4.335832893848419189e-01
-2.134741783142089844e+00
1.312214136123657227e+00
-1.242953181266784668e+00
8.334237337112426758e-01
7.616877555847167969e-02
5.550565123558044434e-01
-1.095981895923614502e-01
-1.703278779983520508e+00
7.975367307662963867e-01
1.390993118286132812e+00
8.463651537895202637e-01
1.332448124885559082e+00
5.810566544532775879e-01
1.274705410003662109e+00
-2.514331340789794922e-01
-8.481469750404357910e-01
-9.348716139793395996e-01
7.312300801277160645e-01
1.791673541069030762e+00
2.069227695465087891e+00
-5.373875498771667480e-01
-8.471724390983581543e-01
-1.470421791076660156e+00
1.868432611227035522e-01
-5.531744956970214844e-01
-7.305247187614440918e-01
-5.602065920829772949e-01
-6.665758490562438965e-01
5.928700566291809082e-01
-6.224074363708496094e-01
-5.054578781127929688e-01
1.218919381499290466e-01
-1.259840846061706543e+00
-3.811107203364372253e-02
1.361996680498123169e-01
2.990492284297943115e-01
-2.162631511688232422e+00
1.207323551177978516e+00
2.351806908845901489e-01
7.196189761161804199e-01
-5.753858387470245361e-02
1.803431510925292969e-01
3.090361058712005615e-01
4.769910275936126709e-01
-1.192541241645812988e+00
-8.715277910232543945e-01
7.820746302604675293e-02
8.681201338768005371e-01
-1.035846024751663208e-01
1.045883774757385254e+00
1.643381357192993164e+00
1.692598760128021240e-01
-3.942768275737762451e-01
-6.675130724906921387e-01
2.263610810041427612e-01
-1.276146471500396729e-01
-2.496749311685562134e-01
-5.270146578550338745e-02
-7.978321909904479980e-01
3.759593069553375244e-01
5.801028609275817871e-01
2.848791889846324921e-02
1.822601079940795898e+00
5.728447437286376953e-01
-1.206621050834655762e+00
7.879255414009094238e-01
-2.463285923004150391e-01
-3.803303241729736328e-01
-1.082446098327636719e+00
-9.782265424728393555e-01
-1.933275163173675537e-01
3.523815870285034180e-01
6.870857477188110352e-01
-3.077055215835571289e-01
4.805703163146972656e-01
-1.382286190986633301e+00
-1.572112083435058594e+00
-1.508293032646179199e+00
1.098776534199714661e-01
-9.453897476196289062e-01
-1.713706552982330322e-02
-6.385254263877868652e-01
5.791208148002624512e-01
1.001665592193603516e+00
4.087566137313842773e-01
-5.213087201118469238e-01
-7.452238798141479492e-01
6.038465499877929688e-01
1.308876872062683105e-01
1.752920269966125488e+00
-7.340143620967864990e-02
-7.618402838706970215e-01
