7.916839420795440674e-02
1.153030022978782654e-01
2.464515566825866699e-01
1.298235952854156494e-01
2.441127747297286987e-01
1.547215133905410767e-01
2.457042038440704346e-01
3.789639472961425781e-01
2.725279927253723145e-01
6.717047840356826782e-02
6.570018082857131958e-02
4.576644673943519592e-02
3.629717975854873657e-02
4.667898416519165039e-01
1.338019818067550659e-01
4.216225445270538330e-01
1.327606141567230225e-01
2.989826910197734833e-02
1.695471107959747314e-01
1.689782589673995972e-01
1.648494452238082886e-01
