-1.068659663200378418e+00
1.955985903739929199e+00
2.837934494018554688e-01
3.260618448257446289e-01
1.540059000253677368e-01
-1.081480503082275391e+00
1.069022655487060547e+00
-6.409486532211303711e-01
1.690816998481750488e+00
-9.672118425369262695e-01
-4.387144148349761963e-01
-2.004987299442291260e-01
5.904439091682434082e-01
-2.605568766593933105e-01
-1.277590841054916382e-01
-5.533960461616516113e-01
9.153916835784912109e-01
-6.654554009437561035e-01
8.786729574203491211e-01
-4.074185490608215332e-01
-8.574437499046325684e-01
9.175171256065368652e-01
1.750461459159851074e+00
-6.835609674453735352e-01
1.360879182815551758e+00
-6.328594088554382324e-01
-1.548650264739990234e+00
-3.921044468879699707e-01
5.181248188018798828e-01
-1.834170460700988770e+00
-7.131090015172958374e-02
7.600293308496475220e-02
6.801279783248901367e-01
1.570274114608764648e+00
3.610548079013824463e-01
-2.855692617595195770e-02
-1.048840403556823730e+00
-2.591119527816772461e+00
-5.103086233139038086e-01
-6.123855710029602051e-01
5.279552564024925232e-02
-3.596159815788269043e-02
-1.097354650497436523e+00
-6.672420501708984375e-01
-1.027060151100158691e+00
1.148702144622802734e+00
-2.532915174961090088e-01
-3.966113924980163574e-01
-1.071866989135742188e+00
5.000172257423400879e-01
-1.739928126335144043e+00
7.342721223831176758e-01
-8.307024240493774414e-01
-1.399539828300476074e+00
-1.297189831733703613e+00
-2.933042287826538086e+00
-6.930402517318725586e-01
1.750084400177001953e+00
-2.720928192138671875e-01
6.912246346473693848e-01
-1.044355146586894989e-02
1.106227040290832520e+00
5.018598437309265137e-01
9.639359116554260254e-01
5.318884849548339844e-01
1.160694003105163574e+00
-5.919262170791625977e-01
-5.527752041816711426e-01
-5.499943494796752930e-01
8.316217064857482910e-01
-8.466665744781494141e-01
-4.205262660980224609e-01
-3.262263536453247070e-01
-1.206949472427368164e+00
2.473525106906890869e-01
-6.212463378906250000e-01
1.830178022384643555e+00
-9.512166380882263184e-01
6.099132895469665527e-01
4.564539194107055664e-01
-2.024751752614974976e-01
-1.242607608437538147e-01
5.982921123504638672e-01
-1.079986393451690674e-01
-2.216503620147705078e+00
-1.184540748596191406e+00
-2.183218300342559814e-01
-2.613761186599731445e+00
1.983977854251861572e-01
-9.706007242202758789e-01
1.385100334882736206e-01
-1.197779417037963867e+00
1.286662936210632324e+00
-2.424504041671752930e+00
1.582911491394042969e+00
2.050879716873168945e+00
-2.333333730697631836e+00
-2.255742549896240234e-01
-1.597844481468200684e+00
-6.711845397949218750e-01
-2.181762605905532837e-01
-7.510529458522796631e-02
-7.921158075332641602e-01
6.979568600654602051e-01
-6.182522773742675781e-01
-1.289521813392639160e+00
-3.717232048511505127e-01
8.669505119323730469e-01
2.349739670753479004e-01
1.594187378883361816e+00
7.963864207267761230e-01
1.420083343982696533e-01
1.195295214653015137e+00
1.168521642684936523e+00
1.685956478118896484e+00
-1.999936461448669434e+00
-3.046439886093139648e-01
8.423587679862976074e-01
5.674350261688232422e-01
-7.070981860160827637e-01
-5.798485875129699707e-01
1.183592915534973145e+00
5.700380206108093262e-01
-5.276904106140136719e-01
-1.204190731048583984e+00
-6.510043740272521973e-01
1.968321442604064941e+00
-2.845960855484008789e-01
9.225666522979736328e-02
7.236822247505187988e-01
-4.705956280231475830e-01
1.546269655227661133e+00
-8.742866516113281250e-01
2.503002285957336426e-01
-1.848527789115905762e+00
6.528051495552062988e-01
-1.521268248558044434e+00
7.898650765419006348e-01
1.692346036434173584e-01
4.590975865721702576e-02
1.327011823654174805e+00
-1.626567095518112183e-01
-3.451181948184967041e-01
-4.449239075183868408e-01
-1.829279899597167969e+00
-6.851892471313476562e-01
-5.527293086051940918e-01
1.313898682594299316e+00
1.238024473190307617e+00
1.152679562568664551e+00
1.650478959083557129e+00
-2.890056669712066650e-01
1.326630949974060059e+00
-6.562620997428894043e-01
1.297588586807250977e+00
-7.373506426811218262e-01
-7.815015912055969238e-01
-8.871341347694396973e-01
1.969485044479370117e+00
-4.306931197643280029e-01
1.279235839843750000e+00
-1.949494600296020508e+00
1.500370025634765625e+00
-3.031768091022968292e-02
-3.605707883834838867e-01
8.539010882377624512e-01
-1.429718732833862305e+00
-5.479633212089538574e-01
-1.579828977584838867e+00
-2.353017568588256836e+00
2.166111618280410767e-01
1.076643705368041992e+00
1.349375247955322266e+00
-1.565926313400268555e+00
-2.821929156780242920e-01
-2.514882981777191162e-01
-1.590282618999481201e-01
3.323652148246765137e-01
-7.883180379867553711e-01
-1.686231970787048340e+00
1.907796263694763184e+00
-2.380820363759994507e-01
-6.864423155784606934e-01
-6.179237365722656250e-01
2.237497568130493164e-01
-5.510482192039489746e-01
1.045405745506286621e+00
-2.044621229171752930e+00
1.406713247299194336e+00
1.617174446582794189e-01
5.490443706512451172e-01
2.270307779312133789e+00
1.421879529953002930e+00
8.487946987152099609e-01
1.266543030738830566e+00
-1.055426836013793945e+00
9.330065548419952393e-02
5.490581393241882324e-01
8.953418731689453125e-01
1.062309384346008301e+00
1.523649087175726891e-03
-3.724602162837982178e-01
-1.473394870758056641e+00
-8.868008852005004883e-01
-1.244357228279113770e+00
-7.157517671585083008e-01
1.138415336608886719e+00
3.167285025119781494e-01
-6.317246556282043457e-01
2.132808208465576172e+00
