2.420738786458969116e-01
-3.553824871778488159e-02
-5.664968118071556091e-02
6.715016067028045654e-02
1.182930171489715576e-01
1.700854897499084473e-01
-4.860355053097009659e-03
-8.253575861454010010e-02
2.781357429921627045e-02
1.884331256151199341e-01
-2.469113841652870178e-02
-9.974789619445800781e-02
1.705737262964248657e-01
-1.016602590680122375e-01
7.238779799081385136e-04
2.882159948348999023e-01
-1.792166233062744141e-01
8.275771886110305786e-02
-1.333674490451812744e-01
1.128390431404113770e-01
-3.911564126610755920e-02
