-2.680062130093574524e-02
1.887106709182262421e-02
-7.284346222877502441e-02
1.108409930020570755e-02
-5.885196849703788757e-02
5.124060809612274170e-02
1.469232700765132904e-02
-6.581461057066917419e-04
-1.208921745419502258e-01
-4.711370915174484253e-02
1.915990933775901794e-02
2.700872719287872314e-02
-1.174323707818984985e-01
1.083327829837799072e-01
1.860040985047817230e-02
1.301400065422058105e-01
5.723978579044342041e-02
-1.037389710545539856e-01
1.923805177211761475e-01
9.505403786897659302e-02
-1.156497299671173096e-01
