-5.304300412535667419e-02
8.399720489978790283e-02
-1.310785766690969467e-02
6.661546975374221802e-02
8.825191110372543335e-02
-6.942684948444366455e-02
-7.064735144376754761e-02
-5.158603191375732422e-02
4.152538627386093140e-02
-8.090819418430328369e-02
6.102919578552246094e-02
1.370857954025268555e-01
4.493710771203041077e-02
9.332545101642608643e-03
7.169696036726236343e-03
-9.318590164184570312e-02
-2.138961255550384521e-01
3.251511603593826294e-02
3.116949833929538727e-02
2.022224366664886475e-01
-2.444251179695129395e-01
