7.765015959739685059e-02
3.539204224944114685e-02
1.498589757829904556e-02
-1.047850474715232849e-01
-1.507464889436960220e-02
4.355888441205024719e-02
1.140058692544698715e-02
3.574525192379951477e-02
-2.867859601974487305e-02
6.784219760447740555e-03
1.952834054827690125e-02
-1.885858923196792603e-01
-4.689265042543411255e-02
-4.227037355303764343e-02
3.826076909899711609e-02
-1.080546975135803223e-01
9.040798060595989227e-03
-6.788243353366851807e-02
6.799247115850448608e-02
-1.027217283844947815e-01
-4.625182133167982101e-03
