8.652666211128234863e-02
3.473686054348945618e-02
-1.317885238677263260e-02
-9.128686040639877319e-02
-9.239955246448516846e-02
7.207717746496200562e-02
6.311183422803878784e-02
-9.643929451704025269e-02
-4.494316875934600830e-02
4.508494958281517029e-02
-1.675024628639221191e-02
-1.479134410619735718e-01
-5.617850273847579956e-02
2.521219477057456970e-02
4.100174829363822937e-02
-1.764637976884841919e-02
6.188513338565826416e-02
-2.784966304898262024e-02
6.381411850452423096e-02
5.043792352080345154e-02
-8.159615099430084229e-02
