1.955772280693054199e+00
4.007275030016899109e-02
-1.067228317260742188e+00
1.298720479011535645e+00
5.114796757698059082e-01
-1.585949659347534180e+00
8.207581639289855957e-01
1.342850804328918457e+00
-8.217006921768188477e-01
-9.981207847595214844e-01
-2.005565643310546875e+00
-1.384834349155426025e-01
-2.062157392501831055e+00
8.953434824943542480e-01
-5.020492672920227051e-01
-7.488238215446472168e-01
5.342959761619567871e-01
2.063376829028129578e-02
-3.766730129718780518e-01
1.317142724990844727e+00
7.276723980903625488e-01
-1.329416275024414062e+00
1.248300433158874512e+00
-3.998367786407470703e-01
9.144665598869323730e-01
8.082152009010314941e-01
3.872541666030883789e+00
-1.170910835266113281e+00
-2.253583908081054688e+00
-6.337704062461853027e-01
2.859712362289428711e+00
-9.455977082252502441e-01
2.241888999938964844e+00
-5.932203531265258789e-01
-5.983517765998840332e-01
-1.986547708511352539e+00
8.597696423530578613e-01
2.296037375926971436e-01
-9.434300065040588379e-01
-1.986084580421447754e+00
-6.258220672607421875e-01
-1.863800436258316040e-01
4.714481234550476074e-01
1.613468170166015625e+00
4.188311994075775146e-01
-9.140247106552124023e-01
2.815669775009155273e-01
2.946808576583862305e+00
-1.072494506835937500e+00
1.338257551193237305e+00
-2.394480943679809570e+00
1.779105186462402344e+00
-3.633799254894256592e-01
-1.844905316829681396e-01
8.293759226799011230e-01
-7.419152259826660156e-01
7.282618880271911621e-01
5.045893192291259766e-01
-8.988483548164367676e-01
5.439590811729431152e-01
-6.238191127777099609e-01
2.870565354824066162e-01
-1.305274128913879395e+00
2.374447584152221680e-01
1.410202980041503906e-01
-1.487316727638244629e+00
-7.101756334304809570e-02
-1.646525859832763672e+00
2.043013572692871094e-01
-5.700965598225593567e-02
6.565791964530944824e-01
1.736395657062530518e-01
3.704819679260253906e-01
3.098052442073822021e-01
2.467434167861938477e+00
6.424002051353454590e-01
-1.256864547729492188e+00
-5.272377133369445801e-01
4.384547173976898193e-01
1.551257610321044922e+00
1.140040308237075806e-01
5.126286149024963379e-01
5.666546821594238281e-01
2.195161342620849609e+00
5.807347297668457031e-01
-7.646079063415527344e-01
8.318377137184143066e-01
-1.421772003173828125e+00
-2.242721080780029297e+00
1.622737497091293335e-01
5.488004088401794434e-01
-1.928274184465408325e-01
1.679596424102783203e+00
7.822314500808715820e-01
-5.717908143997192383e-01
1.707731008529663086e+00
-3.857153058052062988e-01
8.161206245422363281e-01
-1.275963425636291504e+00
-3.178695589303970337e-02
-8.988720774650573730e-01
3.856528401374816895e-01
-3.650058060884475708e-02
3.981105983257293701e-01
-2.194874286651611328e-01
1.031761050224304199e+00
-1.075727939605712891e-01
1.001399397850036621e+00
-9.797587394714355469e-01
1.420404553413391113e+00
1.802458882331848145e+00
-1.051673889160156250e+00
-6.613737940788269043e-01
-3.837602734565734863e-01
1.035347580909729004e+00
1.170502066612243652e+00
-4.222850203514099121e-01
7.634524703025817871e-01
8.230030536651611328e-02
-1.761973261833190918e+00
1.090148538351058960e-01
-2.807280719280242920e-01
1.898233771324157715e+00
-1.294803380966186523e+00
1.825544476509094238e+00
4.427506625652313232e-01
-7.134471535682678223e-01
9.637712836265563965e-01
7.014994025230407715e-01
-5.739576816558837891e-01
3.077897131443023682e-01
-6.953520178794860840e-01
2.709592282772064209e-01
7.541732788085937500e-01
4.265485107898712158e-01
-2.171596437692642212e-01
-3.388953506946563721e-01
1.043615102767944336e+00
5.260015130043029785e-01
-2.160608172416687012e-01
1.594944715499877930e+00
2.167853564023971558e-01
-4.486350715160369873e-01
2.075189054012298584e-01
-4.658036530017852783e-01
1.239088058471679688e+00
9.171240329742431641e-01
3.686055913567543030e-02
9.901097416877746582e-01
1.109091266989707947e-01
5.632379651069641113e-01
-3.877609372138977051e-01
-1.088313907384872437e-01
-2.043222934007644653e-01
3.251903355121612549e-01
-1.748719930648803711e+00
-1.329277515411376953e+00
2.343866676092147827e-01
-2.843104898929595947e-01
1.308323979377746582e+00
6.535229086875915527e-01
-6.336518526077270508e-01
-5.567640662193298340e-01
-1.238366365432739258e+00
9.244667887687683105e-01
-9.746942520141601562e-01
2.489682883024215698e-01
8.034874796867370605e-01
1.783879160881042480e+00
-7.112200856208801270e-01
-5.425915122032165527e-01
-1.921891927719116211e+00
-3.848249837756156921e-02
1.060548499226570129e-01
-1.544026374816894531e+00
7.031469047069549561e-02
-2.572301328182220459e-01
-3.824076950550079346e-01
-1.820028126239776611e-01
1.535215854644775391e+00
-2.771416902542114258e-01
-2.794646890833973885e-03
-1.074187517166137695e+00
-3.766561746597290039e-01
2.403367310762405396e-01
-4.460521936416625977e-01
-2.487593293190002441e-01
9.516571164131164551e-01
-1.535359859466552734e+00
-2.404886931180953979e-01
1.675637483596801758e+00
-6.300885975360870361e-02
-2.099897861480712891e-01
-3.542560338973999023e-01
1.045037508010864258e+00
-1.093789696693420410e+00
4.020309448242187500e-01
2.142558574676513672e+00
-1.359050631523132324e+00
-6.869624853134155273e-01
-8.609586358070373535e-01
-1.147640123963356018e-01
1.124899029731750488e+00
1.064529657363891602e+00
-2.342035062611103058e-02
-1.564612150192260742e+00
-4.383281171321868896e-01
6.179347634315490723e-01
-3.891556560993194580e-01
2.021408230066299438e-01
