1.269766688346862793e-01
-5.041424036026000977e-01
2.027542740106582642e-01
7.164444327354431152e-01
-7.158625125885009766e-01
-1.563827872276306152e+00
-6.628930568695068359e-01
5.539510026574134827e-02
-1.315381079912185669e-01
1.674809306859970093e-01
6.634120345115661621e-01
2.423109672963619232e-02
1.982979625463485718e-01
-7.103983759880065918e-01
8.371163010597229004e-01
1.540116518735885620e-01
1.133518934249877930e+00
9.365299344062805176e-01
4.215966463088989258e-01
-8.032506704330444336e-01
-1.643823742866516113e+00
1.161202430725097656e+00
-8.196871876716613770e-01
-1.166622757911682129e+00
6.179248094558715820e-01
7.657350301742553711e-01
9.363015294075012207e-01
4.948722720146179199e-01
8.532111048698425293e-01
-1.430208921432495117e+00
-8.145968317985534668e-01
-3.514730334281921387e-01
-7.928047776222229004e-01
2.886539220809936523e+00
-5.184518694877624512e-01
-1.147145509719848633e+00
4.384941458702087402e-01
-1.816228866577148438e+00
-6.236683726310729980e-01
-7.063716650009155273e-02
9.857403039932250977e-01
1.360557436943054199e+00
-5.183683037757873535e-01
1.476434946060180664e+00
2.478532865643501282e-02
-1.428108692169189453e+00
-4.444682896137237549e-01
-9.636695384979248047e-01
-1.177839159965515137e+00
3.448586165904998779e-01
8.393841385841369629e-01
-5.515115857124328613e-01
-4.278757050633430481e-02
-7.046002745628356934e-01
-1.146608710289001465e+00
3.321958482265472412e-01
-1.727349877357482910e+00
-1.009789109230041504e+00
6.820293664932250977e-01
-9.364833682775497437e-02
-1.680014491081237793e+00
3.536657989025115967e-01
-1.601082444190979004e+00
-1.013225436210632324e+00
-4.378998279571533203e-01
-1.742982268333435059e-01
-1.388538837432861328e+00
5.922220945358276367e-01
-3.858865797519683838e-01
-4.579539597034454346e-01
-6.005162596702575684e-01
-1.362587332725524902e+00
5.946867465972900391e-01
-3.632237315177917480e-01
1.743133664131164551e+00
3.982841968536376953e-01
-8.427950143814086914e-01
5.297156572341918945e-01
-6.742087006568908691e-01
-2.559729292988777161e-02
1.989274285733699799e-02
1.653905868530273438e+00
7.920836806297302246e-01
-1.320938318967819214e-01
-5.886083841323852539e-01
1.184151053428649902e+00
-1.249631047248840332e-01
1.133600354194641113e+00
8.479294180870056152e-01
-3.306550979614257812e-01
-1.395147800445556641e+00
-6.485303044319152832e-01
-2.872439920902252197e-01
2.573919296264648438e-01
-1.106238365173339844e+00
1.843147754669189453e+00
9.147461503744125366e-02
-1.329835224896669388e-02
-5.222536325454711914e-01
-1.591350883245468140e-01
-1.497218608856201172e+00
-7.041047513484954834e-02
1.559272050857543945e+00
-4.627524912357330322e-01
1.179187893867492676e+00
1.635522723197937012e+00
-8.221751451492309570e-01
-5.899336934089660645e-01
4.011891484260559082e-01
1.212998747825622559e+00
1.436283707618713379e+00
-1.314417362213134766e+00
6.510592699050903320e-01
3.756453692913055420e-01
7.420132160186767578e-01
-1.285695284605026245e-01
4.073095023632049561e-01
-3.358819782733917236e-01
-7.252087593078613281e-01
4.608443677425384521e-01
7.590115070343017578e-02
-2.736676692962646484e+00
-6.754853129386901855e-01
5.803606510162353516e-01
-2.015108346939086914e+00
-7.140388488769531250e-01
1.334298253059387207e+00
1.032684326171875000e+00
2.509582638740539551e-01
6.796285510063171387e-01
-1.088672518730163574e+00
-6.350562572479248047e-01
-8.894575238227844238e-01
8.394893258810043335e-02
-8.360063433647155762e-01
-8.963344246149063110e-02
-4.742251709103584290e-02
6.042723059654235840e-01
1.183910667896270752e-01
6.598838567733764648e-01
-6.442039459943771362e-02
-2.637108564376831055e-01
3.259997963905334473e-01
7.032812237739562988e-01
-1.310786843299865723e+00
3.832159936428070068e-01
1.539643168449401855e+00
1.109628677368164062e+00
2.327278375625610352e+00
6.332681775093078613e-01
-3.757426738739013672e-01
-6.002383828163146973e-01
2.134884119033813477e+00
1.169248819351196289e+00
-7.045263648033142090e-01
5.844775438308715820e-01
-1.142994537949562073e-01
3.337989747524261475e-01
-1.872830271720886230e+00
-1.938516616821289062e+00
2.990958690643310547e-01
-1.400154471397399902e+00
1.292809247970581055e+00
-3.556429147720336914e-01
8.550220131874084473e-01
-5.498235821723937988e-01
7.925977110862731934e-01
-1.706613183021545410e+00
1.178718328475952148e+00
3.080240488052368164e-01
2.448689937591552734e+00
9.571871906518936157e-02
1.569561123847961426e+00
-2.484099119901657104e-01
-2.321261167526245117e-01
1.038429498672485352e+00
4.909587502479553223e-01
7.364246249198913574e-01
-9.967841506004333496e-01
-1.832984536886215210e-01
-1.437877178192138672e+00
6.558514237403869629e-01
-8.711690902709960938e-01
-2.375555634498596191e-01
1.368746042251586914e+00
-1.199999377131462097e-01
6.707890629768371582e-01
1.182306036353111267e-01
8.384081721305847168e-02
-4.360434710979461670e-01
8.336990475654602051e-01
-6.831574440002441406e-01
-9.222449362277984619e-02
9.493922591209411621e-01
-1.386467576026916504e+00
-6.387165188789367676e-01
3.058311296626925468e-03
-5.646083354949951172e-01
-6.314540505409240723e-01
-2.232517242431640625e+00
8.423207402229309082e-01
3.709011524915695190e-02
-4.503588676452636719e-01
-4.676104709506034851e-02
-9.754047393798828125e-01
1.797360301017761230e+00
2.600943669676780701e-02
6.265399456024169922e-01
9.357253313064575195e-01
-9.881796240806579590e-01
