1.275969862937927246e+00
6.038553118705749512e-01
1.232916831970214844e+00
-7.642586827278137207e-01
8.973274230957031250e-01
9.562173485755920410e-01
1.989673376083374023e-01
-1.010558247566223145e+00
-7.045881748199462891e-01
-1.592769384384155273e+00
4.875811338424682617e-01
1.812219738960266113e+00
4.878709614276885986e-01
7.179379463195800781e-01
-1.158420443534851074e+00
-1.352549910545349121e+00
-1.169661402702331543e+00
1.835987448692321777e+00
3.084798455238342285e-01
2.817087769508361816e-01
6.141051054000854492e-01
-1.515113711357116699e+00
-7.751994729042053223e-01
1.461034893989562988e+00
-2.609390616416931152e-01
-4.469231665134429932e-01
1.694876700639724731e-01
8.233286142349243164e-01
-5.872396826744079590e-01
2.396021842956542969e+00
6.577283889055252075e-02
-1.040326118469238281e+00
-9.788962006568908691e-01
-2.441488504409790039e+00
3.573558330535888672e-01
-1.578525900840759277e+00
-7.122613787651062012e-01
7.557368278503417969e-01
-6.317185163497924805e-01
1.894777894020080566e+00
3.404663801193237305e-01
-1.319175809621810913e-01
1.179527282714843750e+00
9.133332222700119019e-02
-6.805827468633651733e-02
4.365062713623046875e-02
-1.422923445701599121e+00
8.139218688011169434e-01
2.574667036533355713e-01
2.397755384445190430e-01
-1.721225976943969727e-01
-1.196346759796142578e+00
-1.551103830337524414e+00
2.369709491729736328e+00
1.619611263275146484e+00
1.493259310722351074e+00
1.272737830877304077e-01
-4.898769408464431763e-02
-7.992038726806640625e-01
7.292014360427856445e-01
-4.051820039749145508e-01
-1.788102746009826660e+00
1.381507992744445801e+00
-9.834811091423034668e-01
1.401364088058471680e+00
-1.924131989479064941e+00
-4.958364367485046387e-01
-9.285172224044799805e-01
2.044265270233154297e+00
5.712770223617553711e-01
1.791608184576034546e-01
-4.986957311630249023e-01
-6.135662794113159180e-01
7.272477149963378906e-01
-5.316821336746215820e-01
2.265759557485580444e-01
1.068232893943786621e+00
-2.674621045589447021e-01
9.729412794113159180e-01
1.449280261993408203e+00
9.982435703277587891e-01
7.246278524398803711e-01
1.324579000473022461e+00
-1.496432870626449585e-01
-1.232239484786987305e+00
1.735567450523376465e-01
1.262825489044189453e+00
3.391083240509033203e+00
-8.826190829277038574e-01
-7.598140090703964233e-02
-3.540716767311096191e-01
-1.658952236175537109e+00
-8.685733675956726074e-01
3.488750755786895752e-01
-1.611844539642333984e+00
6.962475180625915527e-01
-1.522586703300476074e+00
-3.069791495800018311e-01
7.499213218688964844e-01
1.735599279403686523e+00
1.016054987907409668e+00
6.984659433364868164e-01
8.652151226997375488e-01
-1.480635762214660645e+00
-1.422308325767517090e+00
-9.340084195137023926e-01
-5.737856626510620117e-01
6.629696488380432129e-01
-7.723441123962402344e-01
-7.040284276008605957e-01
-8.253633379936218262e-01
-5.391005873680114746e-01
-1.879731893539428711e+00
-2.771633565425872803e-01
7.982792854309082031e-01
4.145327508449554443e-01
-1.664601683616638184e+00
-1.241401672363281250e+00
-2.218523919582366943e-01
-1.321974158287048340e+00
4.780935943126678467e-01
-1.308889865875244141e+00
-1.142601668834686279e-01
5.008207559585571289e-01
-2.085974663496017456e-01
8.514216542243957520e-01
-1.141211986541748047e+00
4.845863580703735352e-01
-1.922246813774108887e+00
-5.296769738197326660e-01
-6.427643299102783203e-01
1.794039905071258545e-01
5.502455234527587891e-01
-2.439842075109481812e-01
8.421377539634704590e-01
1.869616031646728516e+00
3.182388842105865479e-01
-1.923858642578125000e+00
1.232956171035766602e+00
1.388887166976928711e+00
-4.883488714694976807e-01
8.352253437042236328e-01
-2.388334035873413086e+00
-4.871612191200256348e-01
1.135124683380126953e+00
1.634043097496032715e+00
-1.202144145965576172e+00
7.440529465675354004e-01
1.583130359649658203e+00
2.103515386581420898e+00
1.690488219261169434e+00
9.524526000022888184e-01
3.009296357631683350e-01
-8.335768580436706543e-01
-1.417557448148727417e-01
9.394751787185668945e-01
-7.273263335227966309e-01
1.668525695800781250e+00
1.394864022731781006e-01
-1.404208540916442871e-01
-1.164461731910705566e+00
-1.179527282714843750e+00
-8.730766177177429199e-01
-8.459094762802124023e-01
1.413010239601135254e+00
1.015696644783020020e+00
-5.984463095664978027e-01
1.207073688507080078e+00
7.645002007484436035e-02
2.375142812728881836e+00
-2.108929008245468140e-01
-1.699975132942199707e-01
1.095415353775024414e+00
-1.179651260375976562e+00
2.269982337951660156e+00
1.531450390815734863e+00
1.273035764694213867e+00
5.630027651786804199e-01
8.787755966186523438e-01
8.314600586891174316e-01
3.399163782596588135e-01
8.456803113222122192e-02
-9.901767373085021973e-01
-1.366647034883499146e-01
-5.596573948860168457e-01
-1.132657766342163086e+00
-2.652933895587921143e-01
1.105820059776306152e+00
-2.945499122142791748e-01
-2.435555458068847656e+00
-3.234920799732208252e-01
-3.340635597705841064e-01
1.283404946327209473e+00
-1.658663630485534668e+00
1.159006953239440918e+00
9.384522438049316406e-01
6.272628307342529297e-01
3.681986927986145020e-01
-9.931228160858154297e-01
-9.058212637901306152e-01
3.878461420536041260e-01
-4.753309488296508789e-01
-4.477258324623107910e-01
-1.211452722549438477e+00
-7.323671132326126099e-02
-1.018776893615722656e+00
7.607394456863403320e-01
1.132681846618652344e+00
-1.047363281250000000e+00
7.115229368209838867e-01
