-7.536009550094604492e-01
1.993517041206359863e+00
-9.388114213943481445e-01
1.519673347473144531e+00
1.123564124107360840e+00
-1.792265057563781738e+00
1.383335351943969727e+00
-9.525677561759948730e-01
1.346454381942749023e+00
-2.863826453685760498e-01
-2.600747346878051758e-01
-4.615122973918914795e-01
-8.424117565155029297e-01
1.333277344703674316e+00
2.285949468612670898e+00
1.497014880180358887e+00
1.262005329132080078e+00
-1.642275005578994751e-01
-8.099562525749206543e-01
1.207600235939025879e+00
-6.563301682472229004e-01
-1.001632094383239746e+00
8.826360106468200684e-02
-1.294860720634460449e+00
1.033333182334899902e+00
1.381131447851657867e-02
-1.330564618110656738e+00
9.837565422058105469e-01
1.498435258865356445e+00
-1.033748388290405273e+00
1.132508635520935059e+00
-6.658712625503540039e-01
-2.154623985290527344e+00
3.564119935035705566e-01
4.592510759830474854e-01
1.343846559524536133e+00
1.020664691925048828e+00
5.851839184761047363e-01
-3.627487123012542725e-01
6.905852556228637695e-01
2.099270582199096680e+00
-1.710461854934692383e+00
-9.194019436836242676e-01
2.393639564514160156e+00
6.188675165176391602e-01
3.627398610115051270e-01
1.381069570779800415e-01
-1.126107335090637207e+00
2.003539800643920898e-01
-9.903969764709472656e-01
-2.195755004882812500e+00
3.230212032794952393e-01
1.072969436645507812e+00
-1.331061244010925293e+00
-9.455719590187072754e-01
6.319797039031982422e-01
-8.320419192314147949e-01
