-5.336264967918395996e-01
6.828494668006896973e-01
2.252388954162597656e+00
4.802857637405395508e-01
-1.782825142145156860e-01
-5.504821538925170898e-01
-4.422554969787597656e-01
-1.812132239341735840e+00
3.398758172988891602e-01
2.731107950210571289e+00
6.877384185791015625e-01
7.516114413738250732e-02
-4.413895606994628906e-01
1.120704174041748047e+00
-1.544099330902099609e+00
9.285019636154174805e-01
9.641909003257751465e-01
1.863150477409362793e+00
-1.252810716629028320e+00
-1.905544847249984741e-02
9.477070569992065430e-01
7.154060006141662598e-01
-1.246239244937896729e-01
1.196457862854003906e+00
4.990452229976654053e-01
-8.600987792015075684e-01
4.094557166099548340e-01
7.217403054237365723e-01
1.379404783248901367e+00
1.232522010803222656e+00
-2.002385854721069336e-01
4.585471749305725098e-01
-2.364550381898880005e-01
1.934737920761108398e+00
6.513109803199768066e-01
1.287458419799804688e+00
1.856300592422485352e+00
1.790076851844787598e+00
-1.322960734367370605e+00
-7.746958136558532715e-01
7.491829991340637207e-01
-1.811163574457168579e-01
-5.675227046012878418e-01
-1.073567390441894531e+00
7.942650914192199707e-01
-1.563231348991394043e+00
-4.915623068809509277e-01
5.761499404907226562e-01
1.273666918277740479e-01
-8.929834961891174316e-01
3.353902697563171387e-01
-5.417020246386528015e-02
-1.089653730392456055e+00
1.204436421394348145e+00
2.136683911085128784e-01
-2.243827581405639648e+00
5.950849056243896484e-01
-6.713919043540954590e-01
1.645609617233276367e+00
-1.012338161468505859e+00
1.776035130023956299e-01
-5.185983777046203613e-01
1.397799998521804810e-01
7.743150591850280762e-01
-3.446642458438873291e-01
-3.506198823451995850e-01
2.253810316324234009e-01
1.799127608537673950e-01
1.025201082229614258e+00
-6.003416776657104492e-01
1.295613288879394531e+00
1.530960321426391602e+00
1.241839528083801270e+00
5.375715494155883789e-01
1.106228947639465332e+00
6.736947894096374512e-01
1.063158392906188965e+00
1.551169306039810181e-01
5.274379253387451172e-01
-9.625565409660339355e-01
2.053308248519897461e+00
-5.787627696990966797e-01
-9.165100455284118652e-01
1.035634756088256836e+00
1.231306076049804688e+00
-2.985975146293640137e-01
1.999310970306396484e+00
8.816271424293518066e-01
-1.027551531791687012e+00
1.787815332412719727e+00
-1.480811595916748047e+00
-5.185238122940063477e-01
-4.807194173336029053e-01
8.479972481727600098e-01
1.020855069160461426e+00
-5.953587293624877930e-01
-1.168260574340820312e+00
1.725297570228576660e+00
-4.515505861490964890e-03
-6.500424742698669434e-01
1.471485972404479980e+00
2.406429052352905273e-01
-4.766981303691864014e-01
1.655123710632324219e+00
6.101706624031066895e-01
-1.315183043479919434e+00
3.964596092700958252e-01
-1.241916179656982422e+00
2.859681844711303711e-01
1.421505689620971680e+00
-1.171244025230407715e+00
3.861180692911148071e-02
1.311108916997909546e-01
1.098828792572021484e+00
1.899951338768005371e+00
1.713950872421264648e+00
-5.215796828269958496e-01
-8.068831562995910645e-01
3.862862586975097656e-01
5.640239641070365906e-02
4.728500247001647949e-01
-6.778026223182678223e-01
7.362346053123474121e-01
7.490373849868774414e-01
-1.756107091903686523e+00
-6.439589858055114746e-01
6.189457774162292480e-01
2.447265863418579102e+00
-4.492218196392059326e-01
1.033807732164859772e-02
1.143073678016662598e+00
-6.030543446540832520e-01
-1.188870549201965332e+00
1.146885871887207031e+00
2.179530113935470581e-01
3.745227158069610596e-01
-4.233402609825134277e-01
-9.784556627273559570e-01
4.857032597064971924e-01
1.695571064949035645e+00
1.614620722830295563e-02
-5.285949110984802246e-01
5.235109925270080566e-01
-6.183686200529336929e-04
-1.513807654380798340e+00
1.535383820533752441e+00
9.954412579536437988e-01
-2.183446139097213745e-01
-1.505022048950195312e+00
6.437204778194427490e-02
-7.277191281318664551e-01
1.338918805122375488e-01
1.069228816777467728e-02
4.118459820747375488e-01
-1.581903845071792603e-01
1.404574662446975708e-01
-1.152550697326660156e+00
-1.123890042304992676e+00
1.256682753562927246e+00
1.414237737655639648e+00
-5.121915936470031738e-01
-7.260119915008544922e-01
3.106229603290557861e-01
-8.869991302490234375e-01
4.707295075058937073e-02
-1.682196855545043945e+00
9.116656184196472168e-01
-4.391253888607025146e-01
9.255740642547607422e-01
6.859606504440307617e-01
-9.622558951377868652e-01
6.548985242843627930e-01
2.616128206253051758e+00
-1.058765172958374023e+00
8.144149780273437500e-01
-8.335717320442199707e-01
8.278661407530307770e-03
5.221563205122947693e-02
2.783241868019104004e-02
3.612883388996124268e-01
3.238888382911682129e-01
-2.664337456226348877e-01
-2.080784797668457031e+00
7.030917406082153320e-01
-5.053001642227172852e-01
7.259071469306945801e-01
-8.093281388282775879e-01
1.869985014200210571e-01
-6.481121182441711426e-01
-1.341994047164916992e+00
4.817121028900146484e-01
-1.211435124278068542e-01
-1.648928165435791016e+00
-8.476034998893737793e-01
-1.765975356101989746e+00
-9.223697185516357422e-01
1.187783718109130859e+00
1.725819230079650879e+00
-4.521249234676361084e-02
3.376065194606781006e-01
-1.721457481384277344e+00
9.768327474594116211e-01
2.054955512285232544e-01
1.582724414765834808e-02
-1.033100113272666931e-01
6.894853115081787109e-01
2.114876985549926758e+00
1.114606738090515137e+00
3.254899010062217712e-02
8.969513326883316040e-02
