-1.559551358222961426e-01
-3.161016851663589478e-02
-2.055291458964347839e-02
-1.967753916978836060e-01
-3.062660619616508484e-02
2.610798180103302002e-02
-9.493083693087100983e-03
-7.356080412864685059e-02
-5.994406528770923615e-03
9.808050841093063354e-02
-2.050403952598571777e-01
2.145110666751861572e-01
1.625417023897171021e-01
-1.876696646213531494e-01
-1.810465753078460693e-02
-4.664299786090850830e-01
-6.949593126773834229e-02
-3.885766863822937012e-02
-4.617720469832420349e-02
3.760955035686492920e-01
-2.893308401107788086e-01
