-1.925176680088043213e-01
6.356155965477228165e-03
-1.212914884090423584e-01
-2.077189385890960693e-01
-5.965449288487434387e-02
3.139666095376014709e-02
-2.070871368050575256e-02
3.192946687340736389e-02
-8.522847294807434082e-02
2.092185318470001221e-01
-3.337807059288024902e-01
3.180046379566192627e-01
-1.168518513441085815e-01
-1.686056405305862427e-01
-9.978210926055908203e-02
-3.098509609699249268e-01
-1.536384969949722290e-01
-4.383593201637268066e-01
4.936859011650085449e-01
-1.526705026626586914e-01
3.639389201998710632e-02
