4.693546593189239502e-01
1.143755555152893066e+00
1.599417626857757568e-02
2.386194944381713867e+00
-3.988101482391357422e-01
-1.496677756309509277e+00
3.827680051326751709e-01
-2.906274199485778809e-01
2.002170324325561523e+00
5.700446963310241699e-01
8.996422886848449707e-01
3.504101336002349854e-01
1.608681559562683105e+00
-8.073978424072265625e-01
-2.214058876037597656e+00
3.332155942916870117e-02
-4.082836210727691650e-01
1.246646285057067871e+00
3.149966597557067871e-01
-1.168982982635498047e+00
1.548605561256408691e+00
-3.265073299407958984e-01
-6.665151119232177734e-01
-2.001537799835205078e+00
-2.222766429185867310e-01
-6.019524335861206055e-01
-8.765583634376525879e-01
-2.122243881225585938e+00
-1.069627642631530762e+00
3.748397901654243469e-02
-6.712838411331176758e-01
-5.150449872016906738e-01
1.275234222412109375e+00
3.750963211059570312e-01
-2.168838262557983398e+00
-7.724193334579467773e-01
6.521657109260559082e-02
-5.584440231323242188e-01
-3.567433059215545654e-01
8.622795343399047852e-02
1.325594902038574219e+00
-2.954109430313110352e+00
-4.233121573925018311e-01
-1.513198018074035645e+00
-1.243277072906494141e+00
-1.892113387584686279e-01
1.000703215599060059e+00
7.798371911048889160e-01
2.084850072860717773e-01
-1.524833559989929199e+00
1.722472459077835083e-01
1.510836035013198853e-01
2.112119197845458984e+00
-8.835731744766235352e-01
1.266085982322692871e+00
-7.147573828697204590e-01
-9.903116226196289062e-01
-7.110221982002258301e-01
-9.952086955308914185e-02
1.201052308082580566e+00
3.647179901599884033e-01
-2.095888137817382812e+00
-1.112298130989074707e+00
6.498002409934997559e-01
-1.077558279037475586e+00
1.012455582618713379e+00
3.435244560241699219e-01
1.210510730743408203e+00
-4.022025167942047119e-01
2.214509725570678711e+00
-1.530171334743499756e-01
-7.516975402832031250e-01
5.365046113729476929e-02
4.722203314304351807e-01
1.261556744575500488e-01
-8.941735327243804932e-02
-5.360576510429382324e-01
-1.531402230262756348e+00
-3.775741457939147949e-01
-4.109020531177520752e-01
-1.046848893165588379e+00
-1.695514917373657227e-01
-2.305662035942077637e-01
8.719277977943420410e-01
3.315598070621490479e-01
1.312558650970458984e-01
-1.006210684776306152e+00
-1.774069219827651978e-01
-1.160108566284179688e+00
-8.606569468975067139e-02
-8.581944108009338379e-01
-1.631219029426574707e+00
-3.296535611152648926e-01
-1.287931084632873535e+00
-8.401534557342529297e-01
2.346663713455200195e+00
-2.377778440713882446e-01
-2.992491424083709717e-01
6.335434317588806152e-01
-1.431633949279785156e+00
4.093713164329528809e-01
2.506715059280395508e+00
-7.470169663429260254e-01
-1.482294082641601562e+00
6.435373425483703613e-01
-1.236518383026123047e+00
-1.714749187231063843e-01
-3.870791792869567871e-01
-2.108636125922203064e-02
-1.543713450431823730e+00
3.552885949611663818e-01
7.110703587532043457e-01
-2.708428204059600830e-01
1.029186546802520752e-01
-8.900398015975952148e-01
-1.050158977508544922e+00
-1.461033105850219727e+00
-5.861635208129882812e-01
4.804031848907470703e-01
-1.688937664031982422e+00
6.490343809127807617e-01
2.286538362503051758e+00
-5.706249475479125977e-01
-3.777614235877990723e-01
4.303070530295372009e-02
1.195439457893371582e+00
-9.154059290885925293e-01
1.472973704338073730e+00
4.861657023429870605e-01
1.550168156623840332e+00
-6.985567212104797363e-01
1.878887787461280823e-02
2.647113241255283356e-02
1.752370119094848633e+00
-7.796105146408081055e-01
-1.282994151115417480e+00
-9.913948178291320801e-02
-1.762465238571166992e+00
1.220865368843078613e+00
-2.860141754150390625e+00
1.242610454559326172e+00
-8.529459834098815918e-01
-4.779482483863830566e-01
-2.022091150283813477e+00
-3.937456369400024414e+00
1.043466567993164062e+00
4.830602705478668213e-01
-1.512066602706909180e+00
4.213640391826629639e-01
1.050891041755676270e+00
-1.380562067031860352e+00
-1.720168471336364746e+00
1.358272552490234375e+00
-1.300910115242004395e+00
-2.863570451736450195e+00
-1.775267601013183594e+00
-8.850453794002532959e-02
-9.245778322219848633e-01
2.365511894226074219e+00
-1.214347720146179199e+00
-8.417883515357971191e-01
-7.715613842010498047e-01
5.134208798408508301e-01
-1.270751357078552246e+00
2.093609571456909180e-01
1.465824127197265625e+00
2.920052111148834229e-01
2.561003446578979492e+00
-1.269436180591583252e-01
1.094812631607055664e+00
1.063695192337036133e+00
6.370127797126770020e-01
-6.409953534603118896e-02
1.277335166931152344e+00
2.126936316490173340e-01
-4.672326520085334778e-02
-1.352177262306213379e+00
-7.595846056938171387e-01
-8.624671101570129395e-01
2.268810749053955078e+00
2.204220056533813477e+00
7.421327829360961914e-01
1.377669453620910645e+00
-1.334602475166320801e+00
6.362094283103942871e-01
-3.205207586288452148e-01
-3.229088544845581055e+00
-1.299033761024475098e+00
-1.884113192558288574e+00
-1.107761040329933167e-01
-2.506243288516998291e-01
-9.610267281532287598e-01
1.132926106452941895e+00
3.441375792026519775e-01
1.909196257591247559e+00
-2.841621637344360352e-01
9.965693354606628418e-01
-1.793017424643039703e-02
9.302418828010559082e-01
1.906202673912048340e+00
1.276772141456604004e+00
-1.832751929759979248e-01
4.281392395496368408e-01
-5.353670120239257812e-01
1.017523109912872314e-01
1.087906122207641602e+00
6.195369958877563477e-01
1.941558718681335449e+00
-4.926002398133277893e-02
-1.687247157096862793e+00
