9.159312397241592407e-02
9.224754571914672852e-02
1.994348913431167603e-01
4.043737351894378662e-01
1.682266592979431152e-01
9.724627435207366943e-02
3.300780057907104492e-01
4.431338235735893250e-02
1.165305674076080322e-01
2.992170453071594238e-01
1.529259532690048218e-01
1.831130385398864746e-01
-2.387289255857467651e-01
-2.941703200340270996e-01
-2.538306452333927155e-02
-2.943469583988189697e-01
7.961095869541168213e-02
4.995771497488021851e-02
1.945510208606719971e-01
-8.521673828363418579e-02
-1.694782823324203491e-01
