-9.786072969436645508e-01
1.272104382514953613e+00
2.260612487792968750e+00
1.262635271996259689e-02
-1.940505385398864746e+00
7.716568708419799805e-01
-3.510225564241409302e-02
9.193378090858459473e-01
2.081556618213653564e-01
-1.441609978675842285e+00
1.191550269722938538e-01
3.076627850532531738e-01
-1.909339189529418945e+00
1.135706901550292969e+00
2.700533628463745117e+00
2.246769964694976807e-01
-9.567978978157043457e-01
1.485425233840942383e+00
4.684412777423858643e-01
7.099220156669616699e-01
2.924044430255889893e-01
7.742406725883483887e-01
3.925648927688598633e-01
-7.894282341003417969e-01
8.329468369483947754e-01
-5.032750368118286133e-01
1.290791034698486328e+00
5.540311336517333984e-01
-9.812803864479064941e-01
7.081286907196044922e-01
-2.154456377029418945e+00
8.466107249259948730e-01
-3.337229415774345398e-02
1.154818654060363770e+00
-9.970362484455108643e-02
-1.439737230539321899e-01
-7.557558417320251465e-01
-1.221936702728271484e+00
9.227658510208129883e-01
-8.169676363468170166e-02
5.552315711975097656e-01
-3.623966500163078308e-02
4.393142163753509521e-01
-2.641867697238922119e-01
9.356703162193298340e-01
-1.400169968605041504e+00
4.328880608081817627e-01
2.849827110767364502e-01
7.658526897430419922e-01
-7.296969890594482422e-01
-1.683330982923507690e-01
1.546719789505004883e+00
1.651634871959686279e-01
-1.030404925346374512e+00
1.479198098182678223e+00
-3.139875829219818115e-01
1.405567884445190430e+00
5.058488845825195312e-01
6.554464995861053467e-02
-1.974746882915496826e-01
1.649954617023468018e-01
-2.016667604446411133e+00
-1.050528138875961304e-02
4.074057340621948242e-01
-6.993933022022247314e-02
5.620312690734863281e-02
-1.942403912544250488e-01
8.534339070320129395e-01
-9.123933315277099609e-01
-5.159382820129394531e-01
-6.113918423652648926e-01
-3.281486332416534424e-01
3.332728743553161621e-01
1.166165947914123535e+00
6.830874085426330566e-01
3.911343216896057129e-01
1.359124302864074707e+00
-8.449947834014892578e-01
1.957479417324066162e-01
1.145486712455749512e+00
1.066881775856018066e+00
5.150787830352783203e-01
-9.579163193702697754e-01
3.991137444972991943e-01
1.945286840200424194e-01
-4.718456864356994629e-01
1.109787940979003906e+00
-1.872477084398269653e-01
1.726756811141967773e+00
2.154071331024169922e-01
1.859210848808288574e+00
7.552605271339416504e-01
-2.408751010894775391e+00
4.605579748749732971e-02
-6.687570810317993164e-01
4.018325209617614746e-01
-5.070654749870300293e-01
-2.490851581096649170e-01
1.502174019813537598e+00
9.189773797988891602e-01
7.230220437049865723e-01
-4.312270581722259521e-01
6.867634654045104980e-01
3.804281651973724365e-01
-4.429212510585784912e-01
1.353012800216674805e+00
-5.930109322071075439e-02
1.166167736053466797e+00
-2.234536886215209961e+00
-2.458848476409912109e+00
1.892985105514526367e-01
-6.209888458251953125e-01
-5.790556594729423523e-02
1.300979018211364746e+00
-1.014847874641418457e+00
8.125198483467102051e-01
-2.395751327276229858e-01
6.209434866905212402e-01
-1.910695284605026245e-01
8.600176870822906494e-02
-1.567942619323730469e+00
-9.267334938049316406e-01
-3.584106862545013428e-01
1.013089776039123535e+00
5.461128354072570801e-01
5.251976847648620605e-01
-1.746163725852966309e+00
8.713012933731079102e-01
2.075912430882453918e-03
4.618721827864646912e-02
-1.422691941261291504e+00
1.205822229385375977e+00
2.219747543334960938e+00
-1.740629196166992188e+00
4.380231201648712158e-01
-1.379822134971618652e+00
2.772268950939178467e-01
-3.577992916107177734e-01
1.437853217124938965e+00
-1.936713337898254395e+00
1.196764875203371048e-03
4.756594896316528320e-01
1.098123669624328613e+00
-1.323581218719482422e+00
-8.457053303718566895e-01
-6.055714488029479980e-01
5.027067065238952637e-01
5.496017634868621826e-02
-8.589238673448562622e-02
-3.455055058002471924e-01
-1.124642491340637207e+00
-2.996056079864501953e-01
-1.635287851095199585e-01
-4.584153592586517334e-01
-6.615979224443435669e-02
-3.287894129753112793e-01
3.929823637008666992e-01
1.614779472351074219e+00
-1.037190079689025879e+00
-2.342702150344848633e-01
6.632226109504699707e-01
-2.622435241937637329e-02
-2.028529644012451172e-01
-4.690656960010528564e-01
-8.332429528236389160e-01
5.177385210990905762e-01
-8.958104848861694336e-01
-1.480338692665100098e+00
-1.338124513626098633e+00
-1.796006202697753906e+00
6.265717148780822754e-01
-1.166670560836791992e+00
1.570998430252075195e+00
-3.826588988304138184e-01
-4.196327626705169678e-01
4.257510900497436523e-01
-2.409473061561584473e-01
-1.272496700286865234e+00
-1.641139984130859375e+00
1.048851609230041504e+00
-1.091219112277030945e-01
-1.981911897659301758e+00
-1.069062590599060059e+00
1.536472797393798828e+00
-6.375875473022460938e-01
-1.212955117225646973e+00
-3.237918615341186523e-01
5.931212306022644043e-01
9.774910807609558105e-01
1.051466703414916992e+00
1.864019781351089478e-01
-5.488510131835937500e-01
-1.004109621047973633e+00
-1.480570316314697266e+00
1.006651553325355053e-03
2.066078662872314453e+00
-9.561557173728942871e-01
-5.545500516891479492e-01
-1.572417736053466797e+00
-3.429746627807617188e-01
1.785565733909606934e+00
-1.190021395683288574e+00
1.833455413579940796e-01
-1.109726786613464355e+00
2.162872314453125000e+00
-2.707861661911010742e-01
1.552250862121582031e+00
3.027199208736419678e-01
-3.967674970626831055e-01
-2.419581264257431030e-01
