-2.206915020942687988e-01
-8.049555867910385132e-02
-6.885345280170440674e-02
-6.104091554880142212e-02
6.279084831476211548e-02
-4.456331953406333923e-02
-1.713000386953353882e-01
8.587839454412460327e-02
-1.403270065784454346e-01
2.109322994947433472e-01
-4.638234674930572510e-01
-4.668800532817840576e-02
1.753911823034286499e-01
2.488522045314311981e-02
1.664520353078842163e-01
2.033115774393081665e-01
2.773736715316772461e-01
2.508316040039062500e-01
-5.150954052805900574e-02
1.060634031891822815e-01
8.617668598890304565e-02
