9.990286082029342651e-02
-1.194121036678552628e-02
1.810384728014469147e-02
1.219593659043312073e-01
2.795947529375553131e-02
9.529774077236652374e-03
-3.086623921990394592e-02
-6.400223076343536377e-02
6.358216702938079834e-02
-2.247254699468612671e-01
1.405573338270187378e-01
-1.883461922407150269e-01
3.530773101374506950e-03
8.166459389030933380e-03
4.026222229003906250e-02
2.134781330823898315e-01
-5.463679432868957520e-01
-8.220336399972438812e-03
-1.600142121315002441e-01
-5.033237338066101074e-01
-1.471828967332839966e-01
