-1.394793838262557983e-01
-5.920963361859321594e-02
-1.286263912916183472e-01
-7.179283350706100464e-02
3.187209367752075195e-01
1.714650094509124756e-01
-1.224128752946853638e-01
-6.505621224641799927e-02
1.606514602899551392e-01
6.448365449905395508e-01
4.899128079414367676e-01
6.651554107666015625e-01
2.241389751434326172e-01
3.277730047702789307e-01
2.613019347190856934e-01
-1.397906243801116943e-01
2.625153958797454834e-01
3.873131424188613892e-02
2.143986970186233521e-01
1.970777362585067749e-01
6.195480823516845703e-01
