-1.590267777442932129e+00
7.559874653816223145e-01
4.916917979717254639e-01
9.616606235504150391e-01
1.324636220932006836e+00
1.141978129744529724e-01
7.297111153602600098e-01
1.031370162963867188e+00
7.343610525131225586e-01
-5.349641442298889160e-01
-6.066700220108032227e-01
1.664559096097946167e-01
1.668672710657119751e-01
2.473920285701751709e-01
1.180196285247802734e+00
-7.491123080253601074e-01
-3.540484011173248291e-01
-1.828432679176330566e+00
6.473922133445739746e-01
2.176421880722045898e+00
2.029138088226318359e+00
-9.153221845626831055e-01
7.570965290069580078e-01
-1.150130629539489746e+00
5.154258012771606445e-01
1.548302080482244492e-02
-5.059816837310791016e-01
-1.248184323310852051e+00
-6.737413406372070312e-01
6.694301366806030273e-01
2.027870178222656250e+00
2.741613149642944336e+00
5.675094723701477051e-01
2.780838489532470703e+00
4.352338314056396484e-01
4.315871279686689377e-03
-9.205550551414489746e-01
-5.291388034820556641e-01
-9.555591344833374023e-01
2.519064024090766907e-02
-2.520068287849426270e-01
-1.191381573677062988e+00
-8.570816516876220703e-01
9.783234000205993652e-01
7.644628286361694336e-01
-3.197521716356277466e-02
1.404881477355957031e+00
-1.526866555213928223e+00
3.323845099657773972e-03
1.016062140464782715e+00
-5.309655070304870605e-01
2.193176746368408203e+00
-1.033552169799804688e+00
1.101261258125305176e+00
-2.601217031478881836e-01
