6.241607293486595154e-02
1.011415224638767540e-04
-8.694873452186584473e-01
-5.938212871551513672e-01
2.799689173698425293e-01
3.434643447399139404e-01
2.230033397674560547e+00
-3.920297622680664062e-01
-2.380649298429489136e-01
2.743292748928070068e-01
4.309094846248626709e-01
8.352785110473632812e-01
6.768825650215148926e-02
-5.908725857734680176e-01
1.525787711143493652e+00
-2.369443885982036591e-02
3.464015722274780273e-01
-3.539937734603881836e-01
-1.069597482681274414e+00
3.639736771583557129e-01
1.023469209671020508e+00
-1.089562296867370605e+00
1.345157921314239502e-01
1.085577487945556641e+00
-1.618888139724731445e+00
1.286648120731115341e-02
-3.104395270347595215e-01
1.839403629302978516e+00
-2.861764747649431229e-03
-3.780141174793243408e-01
-9.638042449951171875e-01
1.065260052680969238e+00
-6.406477689743041992e-01
1.459590315818786621e+00
7.387473583221435547e-01
5.285281538963317871e-01
7.256118059158325195e-01
2.525965273380279541e-01
1.647372722625732422e+00
7.890012860298156738e-01
1.952937245368957520e+00
6.668766140937805176e-01
5.574806779623031616e-02
-3.555466979742050171e-02
-1.803517043590545654e-01
