1.157349944114685059e+00
6.804388016462326050e-02
1.169575691223144531e+00
-6.988974213600158691e-01
8.020661473274230957e-01
-5.948255062103271484e-01
-1.188862442970275879e+00
-9.278301596641540527e-01
-1.360524296760559082e+00
1.050785541534423828e+00
-8.204092383384704590e-01
-7.227051854133605957e-01
5.705448389053344727e-01
-3.251621127128601074e-01
4.734023809432983398e-01
9.326634407043457031e-01
-8.170329928398132324e-01
-6.983745098114013672e-01
-1.415073871612548828e+00
1.752495527267456055e+00
1.438887238502502441e+00
1.420039772987365723e+00
5.422318577766418457e-01
-1.521803855895996094e+00
-2.027210235595703125e+00
-1.330429196357727051e+00
-1.218935251235961914e+00
-3.097065389156341553e-01
-6.244666576385498047e-01
-8.605627417564392090e-01
6.238647699356079102e-01
1.982734680175781250e+00
3.773718476295471191e-01
4.593898057937622070e-01
7.900382280349731445e-01
3.251737952232360840e-01
8.202462792396545410e-01
-3.135138154029846191e-01
9.263451099395751953e-01
6.475762128829956055e-01
-3.620148897171020508e-01
9.396806955337524414e-01
-1.803520679473876953e+00
1.836671590805053711e+00
-1.617835462093353271e-01
5.521923303604125977e-01
4.790556132793426514e-01
-2.146086931228637695e+00
-2.840220034122467041e-01
-3.730560541152954102e-01
-1.318013787269592285e+00
1.038641691207885742e+00
1.547358393669128418e+00
8.360323309898376465e-01
6.495718359947204590e-01
