-6.478433012962341309e-01
4.724450111389160156e-01
2.869309484958648682e-01
5.660095214843750000e-01
1.769943833351135254e-01
3.840936720371246338e-01
4.386999607086181641e-01
-1.264789253473281860e-01
1.820542514324188232e-01
-9.694310277700424194e-02
-9.045599102973937988e-01
1.192144036293029785e+00
2.518919229507446289e+00
1.100340127944946289e+00
1.839480280876159668e+00
2.928747832775115967e-01
-7.197662591934204102e-01
1.193395495414733887e+00
-9.654889702796936035e-01
9.112173914909362793e-01
1.044211626052856445e+00
-1.733059287071228027e+00
-9.335025548934936523e-01
-9.869557023048400879e-01
6.924034953117370605e-01
-1.726597547531127930e-01
3.900744318962097168e-01
9.726265072822570801e-02
1.392947077751159668e+00
2.646139264106750488e-01
8.253667354583740234e-01
-8.167036771774291992e-01
2.298979282379150391e+00
-5.761453509330749512e-01
-1.080455541610717773e+00
-1.832784712314605713e-01
1.680948138236999512e+00
-2.531843423843383789e+00
4.344261884689331055e-01
1.768195867538452148e+00
-3.637455403804779053e-02
-4.736438095569610596e-01
-7.459669709205627441e-01
-7.347210049629211426e-01
3.267779946327209473e-01
