1.729693114757537842e-01
4.168762862682342529e-01
3.234242796897888184e-01
-1.741504549980163574e+00
-6.033484339714050293e-01
-5.749850869178771973e-01
-1.217439100146293640e-01
-1.254009723663330078e+00
1.233921170234680176e+00
4.239979684352874756e-01
2.458773553371429443e-01
-1.040561914443969727e+00
-1.117801740765571594e-01
1.645895361900329590e+00
1.188340857625007629e-01
8.806796371936798096e-02
2.422792464494705200e-01
1.047885417938232422e+00
-2.347917854785919189e-01
5.053234100341796875e-01
-1.577873677015304565e-01
6.910164356231689453e-01
1.282880067825317383e+00
1.510963439941406250e+00
3.809568881988525391e-01
-9.758432954549789429e-02
8.221524357795715332e-01
-4.935077726840972900e-01
2.322826623916625977e+00
6.264768242835998535e-01
-5.841772556304931641e-01
-3.866947889328002930e-01
-1.590350747108459473e+00
-1.573939800262451172e+00
-2.764292061328887939e-01
-7.611737251281738281e-01
1.660775423049926758e+00
-1.105973720550537109e+00
-1.133408665657043457e+00
6.200801730155944824e-01
8.674965500831604004e-01
1.355421304702758789e+00
-1.586651444435119629e+00
-5.979633331298828125e-01
7.846758365631103516e-01
1.056216359138488770e+00
-3.929502069950103760e-01
-3.169542253017425537e-01
8.069899678230285645e-01
8.398660421371459961e-01
1.837278246879577637e+00
3.718793094158172607e-01
-8.136826753616333008e-01
-1.371756792068481445e+00
-5.084241926670074463e-02
