-1.080248475074768066e+00
-8.922632932662963867e-01
1.085733294486999512e+00
-1.382600545883178711e+00
3.064264655113220215e-01
2.047486066818237305e+00
-1.056404232978820801e+00
1.099946975708007812e+00
-9.563355445861816406e-01
1.902716159820556641e-01
1.026343822479248047e+00
1.590520024299621582e+00
-3.862914443016052246e-01
-6.459189653396606445e-01
4.060356020927429199e-01
-1.568065166473388672e+00
1.499046236276626587e-01
-1.674205251038074493e-02
1.143519759178161621e+00
7.937463521957397461e-01
6.339898109436035156e-01
-2.158429145812988281e+00
4.636698067188262939e-01
1.164576768875122070e+00
-4.576094150543212891e-01
1.863252222537994385e-01
-1.406762719154357910e+00
-8.044297248125076294e-02
-3.868615031242370605e-01
4.529581665992736816e-01
-7.381269931793212891e-01
-1.157307386398315430e+00
3.857389688491821289e-01
-2.228107005357742310e-01
7.256745100021362305e-01
-7.007356882095336914e-01
3.536961376667022705e-01
9.872729778289794922e-01
7.720009088516235352e-01
4.948024749755859375e-01
-9.160739183425903320e-01
-1.253548860549926758e+00
1.535323977470397949e+00
6.355870962142944336e-01
6.868999004364013672e-01
1.225580833852291107e-02
1.344616293907165527e+00
-2.631526812911033630e-02
-1.223006010055541992e+00
-6.735165119171142578e-01
-7.138880491256713867e-01
2.109182327985763550e-01
8.618437051773071289e-01
-3.200390636920928955e-01
2.185169935226440430e+00
