-5.238228440284729004e-01
-3.815713822841644287e-01
-2.425983399152755737e-01
-8.105266094207763672e-02
1.122988343238830566e+00
2.401703298091888428e-01
-2.643000781536102295e-01
7.175578176975250244e-02
-1.779350638389587402e+00
-7.639226913452148438e-01
1.450975894927978516e+00
-1.208642363548278809e+00
-2.237615734338760376e-01
7.380542904138565063e-02
-1.068737432360649109e-01
-1.750702619552612305e+00
-3.025400340557098389e-01
-2.551494836807250977e-01
-8.528804779052734375e-01
7.285468578338623047e-01
-1.753762960433959961e+00
-8.371332287788391113e-01
1.050192713737487793e+00
1.041903614997863770e+00
-1.281978726387023926e+00
-1.044939637184143066e+00
1.265063881874084473e-01
4.727941751480102539e-01
2.106721252202987671e-01
-1.555855870246887207e+00
-1.145816072821617126e-01
1.050880551338195801e+00
7.731381058692932129e-01
-4.024198353290557861e-01
1.521266460418701172e+00
2.574778556823730469e+00
-1.724090799689292908e-02
-1.031609296798706055e+00
-1.193228721618652344e+00
-9.364307522773742676e-01
-2.859595119953155518e-01
7.061706185340881348e-01
2.051794528961181641e+00
-2.120664268732070923e-01
9.167677164077758789e-01
1.010793805122375488e+00
5.659803003072738647e-02
2.245642691850662231e-01
9.284859895706176758e-01
2.961159348487854004e-01
-1.093247294425964355e+00
6.679496169090270996e-01
-6.473729610443115234e-01
-2.337078899145126343e-01
1.374363806098699570e-02
