9.070819020271301270e-01
-1.522296547889709473e+00
-2.357860095798969269e-02
2.063065528869628906e+00
-8.196297287940979004e-01
8.890992403030395508e-01
-1.193039894104003906e+00
2.543748855590820312e+00
-1.032663941383361816e+00
-2.133838653564453125e+00
5.826220288872718811e-02
-8.240107893943786621e-01
-1.368666648864746094e+00
1.115220665931701660e+00
-4.991069436073303223e-01
-6.040858626365661621e-01
-7.314295172691345215e-01
-6.346760392189025879e-01
-4.722639918327331543e-01
-1.145074844360351562e+00
-1.106350064277648926e+00
1.646671295166015625e+00
9.300428628921508789e-01
1.932593286037445068e-01
-3.345449864864349365e-01
-1.381533145904541016e+00
-1.001862525939941406e+00
-7.799116522073745728e-02
-1.124538302421569824e+00
-2.599620819091796875e-01
-9.655093550682067871e-01
-7.193856835365295410e-01
-5.304885506629943848e-01
-5.408865213394165039e-01
3.928726613521575928e-01
5.701630115509033203e-01
-5.522489547729492188e-01
-3.467102348804473877e-01
-2.776435911655426025e-01
-2.344177961349487305e-01
1.593930482864379883e+00
-1.123983979225158691e+00
-1.527435302734375000e+00
2.163746207952499390e-01
1.326760768890380859e+00
7.946405410766601562e-01
5.340997576713562012e-01
1.109499812126159668e+00
-1.456929445266723633e+00
3.142676949501037598e-01
1.567738533020019531e+00
2.227115392684936523e+00
1.417905092239379883e-01
6.334304213523864746e-01
1.030045270919799805e+00
