-8.667984008789062500e-01
9.242811203002929688e-01
8.418426513671875000e-01
1.035639271140098572e-01
5.081163644790649414e-01
1.104305461049079895e-01
-1.646271228790283203e+00
6.246035099029541016e-01
8.886222243309020996e-01
1.285509347915649414e+00
-4.937237128615379333e-02
1.864500880241394043e+00
-6.612039804458618164e-01
-1.403866887092590332e+00
6.835065484046936035e-01
1.101223707199096680e+00
-2.255910634994506836e+00
1.442140340805053711e-01
7.982148528099060059e-01
7.693397998809814453e-01
1.038537621498107910e+00
-7.167622447013854980e-02
-2.104016065597534180e+00
-8.689800500869750977e-01
1.480378746986389160e+00
-4.204289019107818604e-01
-1.281629204750061035e-01
1.045910358428955078e+00
4.540059864521026611e-01
-4.556186795234680176e-01
-2.051553010940551758e+00
-1.496766924858093262e+00
9.339125156402587891e-01
-2.880022227764129639e-01
-1.670021414756774902e-01
-5.938585847616195679e-02
8.944672942161560059e-01
-6.992204189300537109e-01
-1.965288877487182617e+00
1.517411321401596069e-01
-1.829315781593322754e+00
1.616466879844665527e+00
1.030889376997947693e-01
-1.193184971809387207e+00
-2.713186144828796387e-01
8.383938670158386230e-01
-5.110628604888916016e-01
-1.095925942063331604e-01
1.243441343307495117e+00
2.190608680248260498e-01
3.262643218040466309e-01
-5.845862627029418945e-01
1.245083928108215332e+00
-5.810141563415527344e-01
-1.430327534675598145e+00
