-1.137598156929016113e+00
-1.967108249664306641e+00
-8.500253558158874512e-01
-1.194713950157165527e+00
2.764214277267456055e-01
-1.106899023056030273e+00
5.718835592269897461e-01
-9.887717366218566895e-01
-5.952758789062500000e-01
-2.499456882476806641e+00
-8.126294612884521484e-02
7.786779403686523438e-01
6.072395443916320801e-01
-1.057346940040588379e+00
3.845148682594299316e-01
5.954598784446716309e-01
-1.165255188941955566e+00
-4.598595499992370605e-01
2.836184203624725342e-01
1.424637913703918457e+00
-1.159339174628257751e-01
1.783706426620483398e+00
1.227245092391967773e+00
1.539946198463439941e+00
-8.767092823982238770e-01
7.244201302528381348e-01
8.236729353666305542e-02
-5.959687829017639160e-01
2.387696504592895508e-01
-1.635464191436767578e+00
-8.311430811882019043e-01
6.303484737873077393e-02
-7.556066662073135376e-02
6.626695394515991211e-01
9.273967146873474121e-01
1.321553945541381836e+00
1.781032800674438477e+00
-1.119506716728210449e+00
1.731410324573516846e-01
-7.891424298286437988e-01
-2.047259807586669922e+00
-1.421444177627563477e+00
-5.069295763969421387e-01
-3.088505566120147705e-01
3.021375536918640137e-01
3.361852467060089111e-01
-2.153384834527969360e-01
3.544227778911590576e-01
-1.791553646326065063e-01
1.181289404630661011e-01
5.955539941787719727e-01
-1.012752875685691833e-01
-2.717850804328918457e-01
7.314388751983642578e-01
1.003241762518882751e-01
