5.177519470453262329e-02
5.420964360237121582e-01
1.155479922890663147e-01
1.341393440961837769e-01
1.193602234125137329e-01
2.280431091785430908e-01
2.019660323858261108e-01
1.873902231454849243e-01
2.242218703031539917e-01
3.551668822765350342e-01
1.033103317022323608e-01
2.355052530765533447e-01
1.900061666965484619e-01
1.505361795425415039e-01
2.103746682405471802e-01
5.476073026657104492e-01
7.767203450202941895e-01
1.811072379350662231e-01
3.940448760986328125e-01
-2.240171469748020172e-02
