7.297335863113403320e-01
4.794676303863525391e-01
-2.715556621551513672e-01
-1.658204942941665649e-01
9.457359910011291504e-01
-5.633367896080017090e-01
-2.002983331680297852e+00
-1.670316815376281738e+00
8.642576336860656738e-01
-1.037743449211120605e+00
4.239648878574371338e-01
-5.594855546951293945e-01
1.128756165504455566e+00
-6.819269657135009766e-01
2.636340260505676270e-01
9.138072133064270020e-01
1.689264655113220215e+00
7.409110665321350098e-01
2.581145167350769043e-01
8.752313442528247833e-03
-2.649701535701751709e-01
-5.846109390258789062e-01
-1.148674130439758301e+00
2.461393363773822784e-02
3.196908533573150635e-01
-5.670635700225830078e-01
1.289165735244750977e+00
-2.968111932277679443e-01
-4.710154235363006592e-02
-9.232866764068603516e-01
2.496142499148845673e-02
-1.100258350372314453e+00
6.486765295267105103e-02
9.427127838134765625e-01
2.073403894901275635e-01
1.002665042877197266e+00
-2.237432241439819336e+00
1.189515709877014160e+00
-3.365237414836883545e-01
-1.986010551452636719e+00
-1.531916737556457520e+00
-4.712175130844116211e-01
1.360053300857543945e+00
4.049839377403259277e-01
3.625427484512329102e-01
-2.803101837635040283e-01
-8.975393176078796387e-01
1.316130995750427246e+00
-2.297661453485488892e-01
1.083541870117187500e+00
-1.485324263572692871e+00
-4.732144623994827271e-02
1.686562180519104004e+00
-7.011909782886505127e-02
-1.589710265398025513e-01
2.084826946258544922e+00
9.263898134231567383e-01
8.247089982032775879e-01
7.580191493034362793e-01
-2.047948092222213745e-01
3.922345936298370361e-01
-9.287126064300537109e-01
1.629395723342895508e+00
-9.766104817390441895e-01
-7.702648639678955078e-01
-4.446167051792144775e-01
5.570026040077209473e-01
1.788301825523376465e+00
-3.061816990375518799e-01
4.836795330047607422e-01
1.711115717887878418e+00
-5.548082590103149414e-01
-7.642058730125427246e-01
-5.730128288269042969e-01
2.057598829269409180e+00
6.912024617195129395e-01
2.608025260269641876e-02
2.123738050460815430e+00
3.312717080116271973e-01
6.041544079780578613e-01
-7.836158871650695801e-01
-4.656557142734527588e-01
2.540353536605834961e+00
-1.679024249315261841e-01
4.401353299617767334e-01
-1.420719146728515625e+00
-8.329493552446365356e-02
7.814317345619201660e-01
-6.889972090721130371e-01
4.797216951847076416e-01
-9.447076916694641113e-01
-9.465877413749694824e-01
3.460543453693389893e-01
-7.342633605003356934e-01
-1.766848117113113403e-01
-1.363178133964538574e+00
1.394170522689819336e+00
1.359067857265472412e-01
-1.858053654432296753e-01
2.300714254379272461e-01
2.629058659076690674e-01
-9.088941216468811035e-01
-1.211891174316406250e+00
5.394870042800903320e-01
2.556316137313842773e+00
4.930023849010467529e-01
7.612887620925903320e-01
-2.231620550155639648e+00
-1.063256978988647461e+00
-4.755201041698455811e-01
-2.344989776611328125e+00
-3.026199936866760254e-01
4.649785906076431274e-02
-3.233958780765533447e-01
1.234073042869567871e+00
-3.210886478424072266e+00
3.177895247936248779e-01
-2.077147483825683594e+00
1.126199483871459961e+00
-1.954536557197570801e+00
-1.070209264755249023e+00
-7.329575419425964355e-01
-1.497246604412794113e-02
-1.500025987625122070e-01
9.447629004716873169e-02
-5.684046149253845215e-01
-7.452853769063949585e-02
-4.926170706748962402e-01
2.392055001109838486e-03
1.191013216972351074e+00
-8.651392459869384766e-01
-7.405925989151000977e-01
7.042005658149719238e-01
-4.410205483436584473e-01
-1.029628396034240723e+00
7.664157748222351074e-01
-1.493052840232849121e-01
8.067204356193542480e-01
3.416746854782104492e-01
5.481920242309570312e-01
4.807328283786773682e-01
-1.228101968765258789e+00
-1.126235499978065491e-01
-7.208123207092285156e-01
-1.228578910231590271e-01
-4.681524038314819336e-01
-7.483342289924621582e-02
-2.145947456359863281e+00
-9.086747765541076660e-01
1.449460983276367188e+00
-9.159802198410034180e-01
-6.278664469718933105e-01
-7.638905197381973267e-02
1.714795082807540894e-01
