1.475462764501571655e-01
1.909849792718887329e-01
-4.830925911664962769e-02
-2.940941229462623596e-02
1.011995673179626465e-01
-2.054407000541687012e-01
5.424276590347290039e-01
-1.047282889485359192e-01
1.595536023378372192e-01
1.300397366285324097e-01
2.337912172079086304e-01
-5.719778314232826233e-02
-1.463122516870498657e-01
1.239602416753768921e-01
-1.486069709062576294e-01
-1.271339654922485352e-01
-1.591264903545379639e-01
-2.813299372792243958e-02
9.517313539981842041e-02
-9.420135617256164551e-02
