-1.306259155273437500e+00
-3.429410755634307861e-01
-3.120916783809661865e-01
-5.077641606330871582e-01
-2.170607820153236389e-02
-6.531943678855895996e-01
5.613564848899841309e-01
-1.025599002838134766e+00
8.000869154930114746e-01
7.210041880607604980e-01
1.839367985725402832e+00
6.181414723396301270e-01
-1.189780235290527344e+00
-8.977100253105163574e-01
-7.195921540260314941e-01
-1.791480928659439087e-01
-6.485842466354370117e-01
-6.193140149116516113e-01
1.117348313331604004e+00
-4.239822626113891602e-01
-1.452861309051513672e+00
-8.612545132637023926e-01
-7.939229011535644531e-01
1.088251233100891113e+00
1.558554887771606445e+00
-4.525397121906280518e-01
-1.547977209091186523e+00
-9.609442353248596191e-01
2.281704187393188477e+00
2.412063777446746826e-01
5.386256575584411621e-01
-2.472468614578247070e+00
6.003242135047912598e-01
9.252237081527709961e-01
-1.611023187637329102e+00
-4.377661943435668945e-01
1.109936356544494629e+00
