-2.021037340164184570e-01
-1.808339059352874756e-01
2.121453434228897095e-01
-1.328449994325637817e-01
1.955803185701370239e-01
1.898936629295349121e-01
1.372273862361907959e-01
-1.770950257778167725e-01
1.885123550891876221e-01
2.191865295171737671e-01
-2.603012323379516602e-01
-1.169511228799819946e-01
2.996590435504913330e-01
1.504195928573608398e-01
6.008956208825111389e-02
-1.312794089317321777e-01
3.079597651958465576e-01
6.348333358764648438e-01
3.802255168557167053e-02
2.910592854022979736e-01
