-3.919156789779663086e-01
3.142350316047668457e-01
-3.639332652091979980e-01
2.099708616733551025e-01
5.430097132921218872e-02
-5.771180614829063416e-02
6.431079655885696411e-02
-3.064132630825042725e-01
-2.429032772779464722e-01
-2.588524818420410156e-01
1.359240412712097168e-01
-5.902591720223426819e-02
-2.169733643531799316e-01
-3.693656623363494873e-01
-2.716054022312164307e-01
-1.442097127437591553e-01
6.179029494524002075e-02
-1.423732042312622070e-01
1.222471743822097778e-01
-8.214216232299804688e-01
