1.039437763392925262e-02
-1.948717683553695679e-01
-6.248681619763374329e-02
4.046392440795898438e-02
-2.010046541690826416e-01
-1.280852705240249634e-01
-7.010791450738906860e-02
8.174606412649154663e-02
-4.943525418639183044e-02
8.105640113353729248e-02
1.191025823354721069e-01
7.516889274120330811e-02
1.080745737999677658e-02
-9.582609683275222778e-02
-8.403631299734115601e-02
3.790806606411933899e-02
2.145339995622634888e-01
3.752755373716354370e-02
-1.308970302343368530e-01
1.313849817961454391e-02
