2.504189014434814453e-01
2.810689508914947510e-01
2.488807737827301025e-01
2.677385210990905762e-01
2.919091284275054932e-01
2.745497822761535645e-01
2.605219483375549316e-01
7.467832416296005249e-02
2.044292539358139038e-01
4.772690832614898682e-01
2.982165217399597168e-01
2.454679012298583984e-01
2.044527679681777954e-01
4.057911336421966553e-01
1.441514045000076294e-01
2.603457272052764893e-01
2.339975386857986450e-01
2.286283224821090698e-01
1.987627446651458740e-01
2.213280946016311646e-01
