-5.214408636093139648e-01
3.747915923595428467e-01
-8.727599978446960449e-01
-2.862337827682495117e-01
-3.433452248573303223e-01
4.855431318283081055e-01
8.181648850440979004e-01
4.721283018589019775e-01
-1.550542473793029785e+00
-1.060877323150634766e+00
5.936822295188903809e-01
2.893956601619720459e-01
9.993953108787536621e-01
-6.438459753990173340e-01
1.062180638313293457e+00
-2.015565395355224609e+00
2.432272672653198242e+00
1.746346712112426758e+00
4.934410154819488525e-01
5.605751276016235352e-01
1.241424918174743652e+00
-1.529881477355957031e+00
1.602165699005126953e+00
5.983529090881347656e-01
7.643890976905822754e-01
-1.241579651832580566e+00
-8.159539699554443359e-01
1.229847669601440430e+00
-1.055969297885894775e-01
-3.824402689933776855e-01
4.224999845027923584e-01
-9.145767688751220703e-01
-6.376157402992248535e-01
2.706362307071685791e-01
5.182231664657592773e-01
-1.183383941650390625e+00
2.265096187591552734e+00
-3.448985517024993896e-01
-2.345512807369232178e-01
1.717909276485443115e-01
1.527487516403198242e+00
7.471792101860046387e-01
1.170282125473022461e+00
-8.517780303955078125e-01
-1.817338466644287109e+00
2.746544778347015381e-01
-1.091949820518493652e+00
7.237169146537780762e-01
-1.699153184890747070e-01
1.053428173065185547e+00
-5.854633077979087830e-02
2.469121694564819336e+00
-2.833249270915985107e-01
-8.138569593429565430e-01
-2.403783798217773438e-01
1.459691882133483887e+00
-1.045159935951232910e+00
-3.868738412857055664e-01
5.347433686256408691e-01
1.306172490119934082e+00
1.668080985546112061e-01
-1.061840057373046875e+00
-1.670063659548759460e-02
9.052290916442871094e-01
7.718910574913024902e-01
3.111369013786315918e-01
-1.335725426673889160e+00
3.217249512672424316e-01
-1.136956691741943359e+00
2.367120981216430664e+00
9.295351505279541016e-01
-1.931227803230285645e+00
-3.356295228004455566e-01
-9.495986104011535645e-01
-1.028399109840393066e+00
2.677303850650787354e-01
1.797481298446655273e+00
-4.250329434871673584e-01
1.391245841979980469e+00
-6.197443604469299316e-01
2.596562504768371582e-01
-1.064710259437561035e+00
-4.709766805171966553e-01
-1.118015170097351074e+00
-1.369476437568664551e+00
6.854274868965148926e-01
-5.468562841415405273e-01
-1.062279582023620605e+00
-5.453945994377136230e-01
1.447642803192138672e+00
6.636263728141784668e-01
-6.229375600814819336e-01
1.763189196586608887e+00
1.224873065948486328e+00
1.069804430007934570e-01
2.371367216110229492e+00
-7.595454454421997070e-01
2.416460365056991577e-01
8.855421543121337891e-01
-1.283472061157226562e+00
-3.515835404396057129e-01
-8.932269215583801270e-01
7.483284920454025269e-02
-2.775310873985290527e-01
1.135052561759948730e+00
7.207186222076416016e-01
5.679286718368530273e-01
6.744404435157775879e-01
-8.755756020545959473e-01
2.085361480712890625e+00
-4.921384453773498535e-01
4.770996272563934326e-01
-8.426430821418762207e-01
1.908247709274291992e+00
4.926722049713134766e-01
-1.125746965408325195e+00
-1.612485051155090332e+00
1.081363558769226074e-01
2.693803012371063232e-01
-7.038971036672592163e-02
3.920032680034637451e-01
-1.466262936592102051e-01
-6.379214525222778320e-01
7.522205710411071777e-01
-1.331101298332214355e+00
1.137704491615295410e+00
8.925886154174804688e-01
1.883631050586700439e-01
4.519874453544616699e-01
3.806113302707672119e-01
-5.320630669593811035e-01
-2.431756973266601562e+00
3.261933624744415283e-01
-6.788475513458251953e-01
6.964939832687377930e-02
9.466999769210815430e-02
-1.536781191825866699e-01
-1.032240867614746094e+00
-5.716480612754821777e-01
-1.057509779930114746e+00
1.319202661514282227e+00
2.348824977874755859e+00
8.077415823936462402e-01
-3.603322505950927734e-01
8.967591822147369385e-02
2.852989733219146729e-01
1.148259162902832031e+00
-2.953012883663177490e-01
-9.658603072166442871e-01
5.070422887802124023e-01
-1.328120827674865723e+00
3.256725549697875977e+00
1.171573281288146973e+00
-4.945238828659057617e-01
-4.389041066169738770e-01
-9.247739315032958984e-01
7.975766658782958984e-01
-2.791061162948608398e+00
6.511368155479431152e-01
-1.193281769752502441e+00
6.266386508941650391e-01
8.710362315177917480e-01
-7.320838570594787598e-01
2.593408524990081787e-01
-1.235896110534667969e+00
-1.275561690330505371e+00
-2.381796538829803467e-01
1.514950752258300781e+00
1.150574207305908203e+00
-1.377128362655639648e+00
1.285557389259338379e+00
3.655581474304199219e-01
9.229265451431274414e-01
-1.473581194877624512e+00
-2.997564338147640228e-02
4.837889969348907471e-01
-5.404000282287597656e-01
1.026947975158691406e+00
-1.766920924186706543e+00
-2.699785530567169189e-01
2.943087741732597351e-02
-2.900388538837432861e-01
-3.639425337314605713e-01
5.377286672592163086e-01
