1.708257079124450684e+00
-1.217556834220886230e+00
5.330991744995117188e-01
8.852978348731994629e-01
7.973284125328063965e-01
2.277281761169433594e+00
1.471790194511413574e+00
6.402008533477783203e-01
5.620652437210083008e-01
6.741160154342651367e-01
-1.294984817504882812e+00
-3.307114541530609131e-01
3.653295338153839111e-01
4.931662976741790771e-01
1.566821932792663574e-01
-1.384838700294494629e+00
-9.327597022056579590e-01
1.004765868186950684e+00
1.704101920127868652e+00
-1.637052297592163086e+00
1.677921891212463379e+00
-1.296719431877136230e+00
2.412363588809967041e-01
5.177778601646423340e-01
-1.447718143463134766e-01
3.873764276504516602e-01
8.817226290702819824e-01
5.191918611526489258e-01
1.596851825714111328e+00
9.703016877174377441e-01
1.212267160415649414e+00
-2.129509210586547852e+00
6.838067770004272461e-01
8.467977046966552734e-01
-7.513743042945861816e-01
-1.226889967918395996e+00
3.460729718208312988e-01
