-1.918262988328933716e-01
1.263527423143386841e-01
2.450924813747406006e-01
1.687474995851516724e-01
1.374800652265548706e-01
3.538418412208557129e-01
1.172447055578231812e-01
3.162407279014587402e-01
-2.180152237415313721e-01
2.267300933599472046e-01
-3.048507869243621826e-01
3.502961695194244385e-01
9.213583171367645264e-02
1.994889527559280396e-01
-2.399129122495651245e-01
6.459878385066986084e-02
-2.697213590145111084e-01
-2.851690165698528290e-02
7.175861299037933350e-02
-1.887901723384857178e-01
