2.113263159990310669e-01
2.351706922054290771e-01
2.287014275789260864e-01
2.225326597690582275e-01
-1.972420513629913330e-01
-2.058915942907333374e-01
2.128292024135589600e-01
-1.959349215030670166e-01
-4.037646055221557617e-01
-1.650805026292800903e-01
2.589353621006011963e-01
-2.249148786067962646e-01
1.758090108633041382e-01
2.847545742988586426e-01
-5.089755356311798096e-02
2.447721362113952637e-01
-8.138167858123779297e-02
4.641973227262496948e-02
2.819158434867858887e-01
1.986301541328430176e-01
