1.820254921913146973e-01
2.004517555236816406e+00
-4.892749339342117310e-02
7.650675177574157715e-01
-3.914200961589813232e-01
2.539892435073852539e+00
5.537889599800109863e-01
-6.299039125442504883e-01
-1.995819807052612305e-02
-1.360805273056030273e+00
-7.553043961524963379e-01
-7.996560335159301758e-01
2.318417578935623169e-01
3.151814460754394531e+00
-6.307502985000610352e-01
-8.528397679328918457e-01
-4.700945690274238586e-02
-6.199184656143188477e-01
3.534502163529396057e-02
1.802399307489395142e-01
1.032724618911743164e+00
-5.646449923515319824e-01
1.526878923177719116e-01
3.474174439907073975e-01
5.733405947685241699e-01
-2.618874907493591309e-01
-2.053104937076568604e-01
1.370679020881652832e+00
-7.792963981628417969e-01
-1.905225396156311035e+00
-1.280988693237304688e+00
-7.395527362823486328e-01
-3.620412051677703857e-01
8.722418546676635742e-01
-1.631080657243728638e-01
-1.302903413772583008e+00
4.060803353786468506e-01
9.575210213661193848e-01
-9.650833010673522949e-01
-1.290628075599670410e+00
-5.096684098243713379e-01
-7.309892177581787109e-01
4.587012529373168945e-01
5.863042473793029785e-01
-2.206653058528900146e-01
2.172599315643310547e+00
1.811986684799194336e+00
-1.141580104827880859e+00
-7.199469804763793945e-01
-2.289500087499618530e-01
6.273497939109802246e-01
-5.761297941207885742e-01
-2.105381488800048828e+00
9.334334731101989746e-02
4.634886607527732849e-02
5.905150771141052246e-01
1.297940015792846680e+00
5.937275290489196777e-01
-1.041603565216064453e+00
-2.071142792701721191e-01
-1.377506256103515625e+00
9.743242263793945312e-01
8.931825757026672363e-01
-2.061639875173568726e-01
3.098581135272979736e-01
-5.832147598266601562e-01
1.369659304618835449e+00
-1.986062228679656982e-01
3.703792095184326172e-01
4.264762699604034424e-01
-1.038678169250488281e+00
3.882555961608886719e-01
-1.151814699172973633e+00
-1.763666510581970215e+00
-1.376332998275756836e+00
-9.590147435665130615e-02
2.306857705116271973e-01
6.392149329185485840e-01
7.474558353424072266e-01
-4.972626268863677979e-01
-1.218214392662048340e+00
-6.058948636054992676e-01
-3.792371749877929688e-01
-3.505810201168060303e-01
8.257406353950500488e-01
-1.751435697078704834e-01
-7.142210006713867188e-01
1.816724777221679688e+00
-1.338234543800354004e+00
-5.946721434593200684e-01
-1.676035821437835693e-01
-3.436700999736785889e-01
-1.843898743391036987e-01
7.091721892356872559e-01
2.648924112319946289e+00
-6.767234206199645996e-01
-1.493968069553375244e-01
-3.951332271099090576e-01
1.580965332686901093e-02
-2.136836767196655273e+00
1.417368203401565552e-01
-3.883651923388242722e-03
2.945085465908050537e-01
-4.516964256763458252e-01
1.055574893951416016e+00
1.298308968544006348e+00
1.613295793533325195e+00
5.347049236297607422e-01
-1.919158220291137695e+00
1.515336155891418457e+00
-1.120561957359313965e+00
-5.601701512932777405e-02
-9.233158826828002930e-01
-1.320381522178649902e+00
-6.819841265678405762e-01
-8.356449007987976074e-02
-1.906136035919189453e+00
1.692669034004211426e+00
-3.143757954239845276e-02
-7.939972877502441406e-01
-9.071598649024963379e-01
-6.439828872680664062e-01
-4.948211014270782471e-01
1.275386214256286621e-01
7.466243505477905273e-01
-5.285263061523437500e-03
6.925770640373229980e-01
5.201454758644104004e-01
-3.828989863395690918e-01
2.518536709249019623e-02
-2.167815715074539185e-02
2.707514166831970215e-01
6.404355168342590332e-02
-7.678896188735961914e-02
1.262555360794067383e+00
2.190205097198486328e+00
4.380189180374145508e-01
-1.803951740264892578e+00
-2.253340929746627808e-01
-5.237992405891418457e-01
-1.907218247652053833e-01
-2.959465086460113525e-01
2.331738024950027466e-01
5.073136091232299805e-01
2.850007116794586182e-01
1.739111304283142090e+00
2.245894193649291992e+00
6.502018570899963379e-01
1.392845392227172852e+00
-1.049742937088012695e+00
5.898201465606689453e-01
2.348496019840240479e-01
8.776301145553588867e-01
-1.731769442558288574e-01
1.019432663917541504e+00
1.602484226226806641e+00
3.779902160167694092e-01
-5.709973573684692383e-01
1.412967443466186523e+00
1.029512643814086914e+00
-1.384651362895965576e-01
-4.957929253578186035e-01
1.810825429856777191e-02
1.974005252122879028e-01
-1.234441325068473816e-01
-1.026972293853759766e+00
3.938845098018646240e-01
1.661841273307800293e+00
6.870369315147399902e-01
-1.183628678321838379e+00
9.176701903343200684e-01
5.591359734535217285e-01
1.318654716014862061e-01
-4.576503485441207886e-02
1.225075006484985352e+00
-1.087036609649658203e+00
-6.822879314422607422e-01
8.796483278274536133e-01
1.716612458229064941e+00
1.415422916412353516e+00
-4.006505310535430908e-01
1.787087321281433105e+00
-9.776491522789001465e-01
2.747703194618225098e-01
