-2.270010709762573242e-01
-1.342749297618865967e-01
9.864793717861175537e-02
1.886927336454391479e-01
1.328664720058441162e-01
-1.054960638284683228e-01
-2.102617323398590088e-01
-7.125034183263778687e-02
-1.587885320186614990e-01
-1.710492819547653198e-01
-8.886967599391937256e-02
1.367440074682235718e-01
2.362365722656250000e-01
-4.045783355832099915e-02
7.893230020999908447e-02
-3.335811570286750793e-02
1.613220423460006714e-01
3.349221311509609222e-03
-1.264307796955108643e-01
1.147883851081132889e-02
