2.017787843942642212e-01
1.907912790775299072e-01
2.317092418670654297e-01
3.424213528633117676e-01
2.335457056760787964e-01
5.601338744163513184e-01
1.746816337108612061e-01
2.446817010641098022e-01
2.445362955331802368e-01
1.682538390159606934e-01
2.341920882463455200e-01
4.040420055389404297e-01
2.156324237585067749e-01
2.120409905910491943e-01
1.051820442080497742e-01
1.522560566663742065e-01
4.399833381175994873e-01
1.693331897258758545e-01
2.077489793300628662e-01
1.755574196577072144e-01
