1.416473686695098877e-01
1.896903067827224731e-01
-2.028166800737380981e-01
-1.352002024650573730e-01
-1.852130293846130371e-01
2.068149894475936890e-01
1.376294493675231934e-01
1.824994087219238281e-01
1.791249066591262817e-01
-2.733407914638519287e-01
1.673669666051864624e-01
1.801754683256149292e-01
2.163027226924896240e-01
1.406287252902984619e-01
2.654737830162048340e-01
2.562542445957660675e-02
2.307047843933105469e-01
2.047286480665206909e-01
6.566660404205322266e-01
2.538480758666992188e-01
