-1.957450509071350098e-01
2.968504726886749268e-01
4.365784823894500732e-01
6.842545419931411743e-02
2.112045735120773315e-01
1.835236400365829468e-01
2.412384152412414551e-01
-3.126114010810852051e-01
-1.851681917905807495e-01
-2.229437530040740967e-01
-3.108460605144500732e-01
2.725563049316406250e-01
2.349676042795181274e-01
1.846995651721954346e-01
-2.196489870548248291e-01
2.662305235862731934e-01
-2.807900309562683105e-01
5.253634229302406311e-02
3.700059354305267334e-01
-2.477318793535232544e-01
