-9.897807240486145020e-01
4.496144950389862061e-01
4.257892966270446777e-01
1.310613393783569336e+00
7.989002391695976257e-03
-2.323531150817871094e+00
-1.239464640617370605e+00
-2.198421001434326172e+00
8.274013996124267578e-01
-2.126035988330841064e-01
-9.643738269805908203e-01
-1.118821278214454651e-01
4.896098375320434570e-01
-7.960675358772277832e-01
-9.826126694679260254e-01
-1.330717444419860840e+00
-5.500308871269226074e-01
7.575363665819168091e-02
-4.328154027462005615e-01
1.039447188377380371e+00
-5.911076068878173828e-02
-1.350711584091186523e+00
4.458191692829132080e-01
-3.154919445514678955e-01
-8.832359910011291504e-01
-2.343082576990127563e-01
7.097917795181274414e-02
-9.544194936752319336e-01
-7.591584920883178711e-01
-1.725308656692504883e+00
-1.090845108032226562e+00
-6.366245150566101074e-01
-8.691936135292053223e-01
7.490334510803222656e-01
7.689505815505981445e-01
1.442913174629211426e+00
1.377383947372436523e+00
