-2.231910824775695801e-01
-3.596886759623885155e-03
-1.006876230239868164e-01
8.669718354940414429e-02
-2.408836781978607178e-01
1.804272383451461792e-01
-1.861039996147155762e-01
3.568612039089202881e-02
-2.604958117008209229e-01
2.608950734138488770e-01
2.602597177028656006e-01
-1.437302082777023315e-01
3.836022689938545227e-02
-2.533175982534885406e-02
-6.407075524330139160e-01
2.325768768787384033e-01
-2.128061503171920776e-01
-3.145014867186546326e-02
-5.312424898147583008e-01
1.855974346399307251e-01
