1.697983294725418091e-01
1.201761811971664429e-01
1.971072554588317871e-01
1.420342773199081421e-01
2.376324087381362915e-01
1.072200089693069458e-01
2.697681188583374023e-01
1.679926216602325439e-01
1.356029957532882690e-01
1.916961520910263062e-01
2.097582817077636719e-01
1.679592579603195190e-01
2.010305523872375488e-01
5.970540642738342285e-01
3.139421939849853516e-01
2.002289742231369019e-01
3.059286475181579590e-01
2.955224514007568359e-01
4.743241667747497559e-01
6.322730779647827148e-01
