-1.324372053146362305e+00
-4.893745481967926025e-01
-1.561573505401611328e+00
-1.737632006406784058e-01
-4.033028781414031982e-01
-1.989050060510635376e-01
-1.927705556154251099e-01
-8.062509894371032715e-01
1.167136192321777344e+00
-1.515594124794006348e+00
6.430510878562927246e-01
-2.162137746810913086e+00
5.621514916419982910e-01
-9.444781541824340820e-01
1.140274524688720703e+00
1.131613016128540039e+00
1.108892321586608887e+00
-1.000160455703735352e+00
5.204898715019226074e-01
-1.571160435676574707e+00
-2.060010433197021484e+00
5.565572530031204224e-02
5.645870566368103027e-01
-2.990973927080631256e-02
6.483396291732788086e-01
1.148402094841003418e+00
1.596246212720870972e-01
9.713329672813415527e-01
-4.468433558940887451e-01
-3.438848853111267090e-01
3.895703852176666260e-01
5.716526508331298828e-01
1.483469158411026001e-01
-1.655016094446182251e-01
-3.941434621810913086e-01
-4.354130476713180542e-02
-6.583799123764038086e-01
-1.688117623329162598e+00
1.674213290214538574e+00
6.561870127916336060e-02
7.333365678787231445e-01
-1.197613552212715149e-01
-3.505307435989379883e-01
-7.694528102874755859e-01
-2.093412876129150391e-01
-1.104658007621765137e+00
-3.458254933357238770e-01
1.192898988723754883e+00
-6.498304605484008789e-01
-1.348742365837097168e+00
1.426331996917724609e+00
1.114989042282104492e+00
-3.887974619865417480e-01
1.092427134513854980e+00
-1.624009609222412109e+00
-4.699913263320922852e-01
-1.050056099891662598e+00
8.479555845260620117e-01
-1.013760805130004883e+00
-5.666940808296203613e-01
-9.060710668563842773e-01
2.546027302742004395e-01
-1.018424034118652344e+00
1.286839723587036133e+00
2.277986109256744385e-01
-2.172972410917282104e-01
1.078559279441833496e+00
5.011669993400573730e-01
8.097981214523315430e-01
1.575427651405334473e+00
2.261533439159393311e-01
1.420920044183731079e-01
-3.397215530276298523e-02
2.908148169517517090e-01
5.895267128944396973e-01
1.696220993995666504e+00
1.430190801620483398e+00
2.405886352062225342e-01
1.199588060379028320e+00
-2.259565293788909912e-01
-1.461927652359008789e+00
-3.157060742378234863e-01
7.040211558341979980e-01
-9.845600128173828125e-01
2.169507741928100586e+00
1.264340043067932129e+00
2.206500023603439331e-01
-1.841357469558715820e+00
-1.769141703844070435e-01
1.447489112615585327e-01
-1.410907864570617676e+00
1.179824352264404297e+00
-4.217297732830047607e-01
-1.212446093559265137e+00
-2.696028649806976318e-01
-2.456185966730117798e-01
5.440967679023742676e-01
-8.121240139007568359e-01
1.937829703092575073e-01
7.063588500022888184e-01
1.202966690063476562e+00
5.707000494003295898e-01
-1.597100734710693359e+00
2.439451217651367188e-01
7.260841727256774902e-01
2.088231325149536133e+00
-1.467509031295776367e+00
8.065487146377563477e-01
1.116402029991149902e+00
1.514912009239196777e+00
-1.042146205902099609e+00
1.986381530761718750e+00
2.228776663541793823e-01
-5.312887430191040039e-01
5.173076391220092773e-01
1.196561604738235474e-01
-6.679850220680236816e-01
-4.999181032180786133e-01
5.422978401184082031e-01
1.553991556167602539e+00
-4.014515578746795654e-01
1.080648064613342285e+00
1.933338165283203125e+00
8.009792119264602661e-02
2.602038681507110596e-01
7.276123166084289551e-01
1.993263840675354004e+00
1.003358840942382812e+00
-6.805910915136337280e-02
1.456935644149780273e+00
2.568173706531524658e-01
-1.876403570175170898e+00
1.040214538574218750e+00
-7.046923637390136719e-01
-1.349324941635131836e+00
6.916987895965576172e-01
1.700081586837768555e+00
3.334037661552429199e-01
-1.796963214874267578e-01
-1.680032849311828613e+00
-2.007242202758789062e+00
-1.401712775230407715e+00
-1.150876641273498535e+00
2.179003804922103882e-01
6.401222944259643555e-02
-1.064799308776855469e+00
-7.251273989677429199e-01
-1.977491229772567749e-01
1.658973813056945801e+00
1.963019073009490967e-01
1.170527696609497070e+00
-4.462311863899230957e-01
-8.387101292610168457e-01
-7.486667633056640625e-01
