-2.066299617290496826e-01
2.397409379482269287e-01
1.720629334449768066e-01
-1.574894487857818604e-01
3.781274259090423584e-01
2.734251618385314941e-01
-1.135240718722343445e-01
5.276801437139511108e-02
-1.457444131374359131e-01
1.200278028845787048e-01
-5.173295736312866211e-01
2.225891202688217163e-01
-1.543789803981781006e-01
8.755193650722503662e-02
-3.309049904346466064e-01
4.869070649147033691e-02
-1.429010927677154541e-01
-1.535597443580627441e-01
1.277096290141344070e-02
2.685266733169555664e-01
