1.545091032981872559e+00
-1.491898298263549805e+00
-4.740343093872070312e-01
-1.308897614479064941e+00
1.467719078063964844e+00
1.083217620849609375e+00
-9.466701745986938477e-01
5.831385254859924316e-01
-4.424615800380706787e-01
2.994262054562568665e-02
7.784759402275085449e-01
1.212493865750730038e-03
-2.068541765213012695e+00
-7.677647471427917480e-01
7.102938890457153320e-01
8.203072547912597656e-01
1.767113924026489258e+00
5.419347286224365234e-01
1.587785363197326660e+00
5.068458318710327148e-01
-1.689669132232666016e+00
-1.057136580348014832e-01
1.692201942205429077e-02
6.316855549812316895e-01
6.592848896980285645e-01
-1.242304205894470215e+00
-1.147623896598815918e+00
1.379444599151611328e+00
2.019273281097412109e+00
2.697900772094726562e+00
-3.861216008663177490e-01
2.984973192214965820e-01
1.036069467663764954e-01
3.746652901172637939e-01
-6.588311791419982910e-01
1.154703974723815918e+00
-2.602869272232055664e-01
