1.308891475200653076e-01
-1.191054806113243103e-01
1.280329674482345581e-01
-9.635794907808303833e-02
1.371270418167114258e-01
1.359763145446777344e-01
-1.994970142841339111e-01
1.284690052270889282e-01
1.198575347661972046e-01
1.371152102947235107e-01
-1.571407020092010498e-01
1.047660708427429199e-01
-1.251841187477111816e-01
4.945581853389739990e-01
2.032784223556518555e-01
1.148688122630119324e-01
2.650775909423828125e-01
3.220945298671722412e-01
3.407726064324378967e-02
3.522077500820159912e-01
