1.041729569435119629e+00
7.862071990966796875e-01
8.350262641906738281e-01
-2.022585153579711914e+00
-3.427209556102752686e-01
-7.100222110748291016e-01
3.963402211666107178e-01
-7.637078166007995605e-01
-4.708858430385589600e-01
-1.295275926589965820e+00
8.405114524066448212e-03
1.373812437057495117e+00
3.467856943607330322e-01
-1.408653855323791504e+00
-3.180564045906066895e-01
7.367718219757080078e-01
8.583133220672607422e-01
-1.224500015377998352e-01
-2.155689001083374023e+00
-4.920691549777984619e-01
8.250880837440490723e-01
-6.994109153747558594e-01
9.696428179740905762e-01
-1.576247811317443848e+00
8.604936599731445312e-01
1.172010749578475952e-01
-2.968314588069915771e-01
1.000612735748291016e+00
1.356802821159362793e+00
1.545924544334411621e+00
2.426081001758575439e-01
-3.926073312759399414e-01
5.811930894851684570e-01
-1.666785478591918945e+00
-1.481008976697921753e-01
1.332986712455749512e+00
-6.102417707443237305e-01
-1.609742283821105957e+00
-1.067067265510559082e+00
1.498531341552734375e+00
2.198925167322158813e-01
-1.033559799194335938e+00
1.329146146774291992e+00
-1.440872192382812500e+00
1.093974947929382324e+00
4.867213666439056396e-01
-4.255763888359069824e-01
4.900139272212982178e-01
-1.209916353225708008e+00
-3.296938166022300720e-02
2.546587772667407990e-02
1.315251111984252930e+00
-8.225603103637695312e-01
-1.401622653007507324e+00
-5.631254911422729492e-01
