-1.854662775993347168e+00
-1.615315318107604980e+00
-6.658906936645507812e-01
-3.938491940498352051e-01
1.034888029098510742e+00
1.529254317283630371e-01
1.051856637001037598e+00
3.323711156845092773e-01
7.381848990917205811e-03
3.245124518871307373e-01
3.508059382438659668e-01
1.610678434371948242e+00
-2.298866271972656250e+00
1.402022719383239746e+00
7.034811377525329590e-01
-9.960914850234985352e-01
7.293181121349334717e-02
-1.496954321861267090e+00
4.740928113460540771e-01
-2.678478658199310303e-01
-2.756949067115783691e-01
1.401306152343750000e+00
7.819112539291381836e-01
-1.691714882850646973e+00
-1.398706912994384766e+00
4.552049934864044189e-01
-8.953650593757629395e-01
9.323200583457946777e-02
-1.147806763648986816e+00
-5.537149906158447266e-01
-2.552866041660308838e-01
-2.827642679214477539e+00
7.686555385589599609e-01
-1.210878372192382812e+00
1.392448246479034424e-01
-7.218692898750305176e-01
-1.190973639488220215e+00
1.922020792961120605e+00
8.290247917175292969e-01
5.888721942901611328e-01
-1.672237217426300049e-01
-1.415441632270812988e+00
-4.117505550384521484e-01
-9.541774541139602661e-02
4.771402180194854736e-01
-4.237317666411399841e-02
3.506142795085906982e-01
-2.302981764078140259e-01
1.144362449645996094e+00
-2.608198165893554688e+00
-1.620208144187927246e+00
-1.518926143646240234e+00
7.604203373193740845e-02
-7.004986405372619629e-01
-1.500757455825805664e+00
