-2.717059850692749023e-01
4.306631907820701599e-02
-2.664454840123653412e-02
-5.690630078315734863e-01
1.507294654846191406e+00
-6.364911198616027832e-01
2.385214865207672119e-01
-1.241708278656005859e+00
-1.799642920494079590e+00
-9.226917624473571777e-01
-9.281115531921386719e-01
9.722678661346435547e-01
-1.172013878822326660e+00
-8.424615263938903809e-01
2.224515438079833984e+00
2.075162082910537720e-01
-1.746976256370544434e+00
-1.525197267532348633e+00
1.626150727272033691e+00
9.717712998390197754e-01
-1.489121556282043457e+00
5.738492608070373535e-01
-1.195776462554931641e+00
5.338904857635498047e-01
-4.246492981910705566e-01
-2.007177352905273438e+00
-1.271002888679504395e+00
9.587132334709167480e-01
1.786253452301025391e+00
-1.382233142852783203e+00
1.172772645950317383e+00
-2.363499402999877930e+00
9.328589439392089844e-01
-3.869990408420562744e-01
4.879474639892578125e-01
1.452618956565856934e+00
2.424666881561279297e+00
1.130867838859558105e+00
5.056926012039184570e-01
-1.827067852020263672e+00
-1.295058369636535645e+00
2.977441251277923584e-01
-6.536194086074829102e-01
4.572177231311798096e-01
-1.031693935394287109e+00
-1.183127760887145996e+00
-8.655602484941482544e-02
-1.098297595977783203e+00
9.618146419525146484e-01
1.441090941429138184e+00
-4.797801077365875244e-01
1.895922541618347168e+00
1.677410125732421875e+00
8.089868426322937012e-01
-5.654065310955047607e-02
4.055023193359375000e-01
-1.721774578094482422e+00
1.637462973594665527e+00
-8.393465727567672729e-02
9.318954944610595703e-01
-2.450501620769500732e-01
-1.361950784921646118e-01
-1.513317942619323730e+00
-6.431472301483154297e-01
1.594742238521575928e-01
-1.223716616630554199e+00
-7.509353756904602051e-01
-9.617845714092254639e-02
1.451230645179748535e+00
-1.836989879608154297e+00
-2.055940389633178711e+00
-8.574572950601577759e-02
2.595165967941284180e-01
-1.857128292322158813e-01
1.072804689407348633e+00
-2.077319145202636719e+00
-2.668734081089496613e-02
-1.428163886070251465e+00
3.164159655570983887e-01
1.363078951835632324e-01
4.402394294738769531e-01
-5.211824774742126465e-01
2.173526026308536530e-02
3.835776448249816895e-01
1.837069630622863770e+00
2.040162324905395508e+00
1.305529773235321045e-01
2.634854316711425781e-01
-3.739348948001861572e-01
1.101051688194274902e+00
-7.726187705993652344e-01
-5.364535450935363770e-01
-5.976392626762390137e-01
9.871964454650878906e-01
7.259266376495361328e-01
7.720281928777694702e-02
-6.229343414306640625e-01
-1.089069008827209473e+00
6.492145657539367676e-01
8.362985253334045410e-01
-1.098258256912231445e+00
-3.097877800464630127e-01
4.197935014963150024e-02
-6.919419169425964355e-01
3.510802388191223145e-01
-6.068881154060363770e-01
-9.284372329711914062e-01
5.264119505882263184e-01
1.111839294433593750e+00
3.752016723155975342e-01
3.235420584678649902e-01
1.225608587265014648e-01
2.123736381530761719e+00
9.069885015487670898e-01
2.311679720878601074e-01
4.015611857175827026e-02
-3.439092934131622314e-01
2.120448112487792969e+00
-1.397239089012145996e+00
5.022894740104675293e-01
9.403045177459716797e-01
-6.830329895019531250e-01
-8.271448612213134766e-01
8.812567591667175293e-02
-2.944889068603515625e-01
1.017027616500854492e+00
1.495176434516906738e+00
1.837568283081054688e-01
-3.869863152503967285e-01
3.746123313903808594e-01
1.686905860900878906e+00
-1.670794367790222168e+00
1.156656861305236816e+00
-6.600416898727416992e-01
-1.013608455657958984e+00
1.487988829612731934e+00
-1.179358959197998047e+00
-1.080268859863281250e+00
9.120013713836669922e-01
-4.591800868511199951e-01
2.284000068902969360e-01
-1.075115874409675598e-01
-1.826610565185546875e+00
-1.021282911300659180e+00
-4.891937971115112305e-01
-4.309140145778656006e-01
4.500197172164916992e-01
9.702619910240173340e-01
-3.321644365787506104e-01
4.229790270328521729e-01
1.082556605339050293e+00
-5.894423127174377441e-01
2.284318394958972931e-02
-2.144263684749603271e-01
