-2.633590623736381531e-02
-9.370346367359161377e-02
7.430802285671234131e-02
7.107092440128326416e-02
-1.280058026313781738e-01
1.140942424535751343e-01
-4.445699974894523621e-02
9.730546921491622925e-02
8.281657099723815918e-02
4.936863481998443604e-02
7.357519119977951050e-02
-7.560353726148605347e-02
2.931681461632251740e-02
2.225592583417892456e-01
-1.743588014505803585e-03
-8.116739243268966675e-02
2.907397598028182983e-02
-1.309045255184173584e-01
1.189886331558227539e-01
-1.918536238372325897e-02
