2.121045142412185669e-01
1.604691147804260254e-01
1.813757270574569702e-01
4.908515810966491699e-01
2.252580672502517700e-01
2.158447504043579102e-01
3.167647719383239746e-01
1.388991773128509521e-01
1.713240891695022583e-01
1.932492703199386597e-01
1.925171613693237305e-01
1.722017079591751099e-01
1.425448209047317505e-01
2.163686007261276245e-01
7.641636133193969727e-01
1.720477491617202759e-01
2.014644891023635864e-01
1.589104682207107544e-01
6.507111787796020508e-01
2.043428122997283936e-01
