1.990177482366561890e-01
1.115259975194931030e-01
1.512417197227478027e-01
1.599857658147811890e-01
1.727562099695205688e-01
3.103582859039306641e-01
3.983407020568847656e-01
1.890839636325836182e-01
-2.497527003288269043e-01
-2.179078459739685059e-01
2.330935001373291016e-01
-7.788498699665069580e-02
-1.395582109689712524e-01
-4.322843551635742188e-01
-7.434774190187454224e-02
3.820923566818237305e-01
-1.246583238244056702e-01
-1.025214567780494690e-01
-2.338905185461044312e-01
1.417722646147012711e-02
