1.368164658546447754e+00
9.583542943000793457e-01
7.995349764823913574e-01
1.738005399703979492e+00
8.826949596405029297e-01
6.652991175651550293e-01
2.364178001880645752e-01
2.411174029111862183e-01
-2.993550300598144531e-01
-3.426935374736785889e-01
-1.658742189407348633e+00
-2.718150377273559570e+00
1.610140085220336914e+00
1.592463731765747070e+00
1.369618654251098633e+00
1.493607521057128906e+00
9.432013630867004395e-01
-1.352733969688415527e+00
1.652269214391708374e-01
-4.302568137645721436e-01
-5.635390877723693848e-01
5.090122818946838379e-01
-3.689248263835906982e-01
1.940167099237442017e-01
2.545409277081489563e-02
-7.314155697822570801e-01
5.981805920600891113e-01
-9.317247271537780762e-01
1.053632497787475586e+00
6.772298216819763184e-01
-3.681585490703582764e-01
6.847322583198547363e-01
-4.877510368824005127e-01
6.410015821456909180e-01
1.266301035881042480e+00
-1.096560806035995483e-01
-9.409775733947753906e-01
