1.668023020029067993e-01
1.820624172687530518e-01
1.713207662105560303e-01
-2.245385646820068359e-01
-1.922593712806701660e-01
1.649179458618164062e-01
-1.503528058528900146e-01
3.579324809834361076e-03
1.298754811286926270e-01
1.844537705183029175e-01
1.408949047327041626e-01
4.029364883899688721e-01
2.136321067810058594e-01
2.572899460792541504e-01
-6.077395752072334290e-02
1.534932404756546021e-01
1.663172841072082520e-01
2.002959400415420532e-01
8.143103718757629395e-01
2.501169145107269287e-01
