-1.825513392686843872e-01
-3.218969330191612244e-02
-7.912613749504089355e-01
1.242756009101867676e+00
-1.109190344810485840e+00
4.026308357715606689e-01
8.798877596855163574e-01
7.011428475379943848e-01
2.276731580495834351e-01
3.913450241088867188e-01
-9.094487428665161133e-01
-5.077307224273681641e-01
5.838640928268432617e-01
-2.183553278446197510e-01
-8.482462167739868164e-01
1.502509951591491699e+00
9.109302759170532227e-01
1.225329488515853882e-01
-1.827412843704223633e+00
-1.482075333595275879e+00
1.324750661849975586e+00
1.881069093942642212e-01
1.856713742017745972e-02
6.728428006172180176e-01
8.924896121025085449e-01
1.718181252479553223e+00
-5.605617165565490723e-01
1.419256687164306641e+00
3.822220563888549805e-01
1.630349159240722656e+00
6.513912081718444824e-01
-7.411953210830688477e-01
-5.738581717014312744e-02
8.282228112220764160e-01
9.748842120170593262e-01
-1.137865185737609863e+00
-3.685389161109924316e-01
3.798090517520904541e-01
-1.258392572402954102e+00
-8.520265221595764160e-01
1.867459177970886230e+00
1.553142189979553223e+00
8.369065523147583008e-01
7.278626561164855957e-01
-1.476369142532348633e+00
1.545152664184570312e+00
-5.216286778450012207e-01
2.332111597061157227e-01
8.365802764892578125e-01
-1.709692120552062988e+00
-4.576444625854492188e-01
1.181864261627197266e+00
8.039760589599609375e-01
-4.682298004627227783e-01
-1.067272186279296875e+00
