4.323624074459075928e-01
2.491552531719207764e-01
2.655461728572845459e-01
1.500281542539596558e-01
2.303545922040939331e-01
2.664208114147186279e-01
3.029383718967437744e-01
1.934073120355606079e-01
2.934160530567169189e-01
3.760758042335510254e-01
2.069833129644393921e-01
2.091573178768157959e-01
2.114954441785812378e-01
2.704252004623413086e-01
1.718616336584091187e-01
1.444689631462097168e-01
2.916768789291381836e-01
2.488385140895843506e-01
2.087641358375549316e-01
2.040473818778991699e-01
