-6.917964816093444824e-01
-1.129999399185180664e+00
1.258021146059036255e-01
1.476231962442398071e-01
-1.494272112846374512e+00
-1.278763055801391602e+00
-1.088728904724121094e+00
-3.563931286334991455e-01
3.065008111298084259e-02
-8.591991662979125977e-01
5.350628495216369629e-01
-6.396410465240478516e-01
1.607317686080932617e+00
5.721727013587951660e-01
-5.321152806282043457e-01
-1.449103057384490967e-01
1.497042417526245117e+00
1.621400117874145508e+00
1.703672170639038086e+00
9.528049826622009277e-01
-7.102073431015014648e-01
-5.362605676054954529e-02
4.317425489425659180e-01
4.698723852634429932e-01
-1.629736185073852539e+00
7.417273521423339844e-01
4.148596227169036865e-01
-9.216415286064147949e-01
-8.181836009025573730e-01
7.081249952316284180e-01
-2.269503474235534668e-01
7.099373936653137207e-01
1.669350385665893555e+00
1.002920746803283691e+00
-1.397525429725646973e+00
6.807642579078674316e-01
2.130848646163940430e+00
1.143108129501342773e+00
-4.053332805633544922e-01
4.080982804298400879e-01
-1.756197810173034668e+00
-6.604293584823608398e-01
4.672211706638336182e-01
2.352555096149444580e-01
-3.629339337348937988e-01
-1.435318402945995331e-02
-1.302424550056457520e+00
-1.272492170333862305e+00
-1.324811220169067383e+00
-4.497031494975090027e-02
1.303666949272155762e+00
-1.486838698387145996e+00
6.672111153602600098e-01
8.602747321128845215e-01
2.348406761884689331e-01
-1.385915130376815796e-01
-7.836947441101074219e-01
7.447115182876586914e-01
-1.429822683334350586e+00
-2.388884723186492920e-01
-8.485048413276672363e-01
1.226799964904785156e+00
9.097778797149658203e-01
1.693511605262756348e+00
8.678329586982727051e-01
-2.669245898723602295e-01
1.029120922088623047e+00
1.277670264244079590e+00
1.212971806526184082e+00
5.559949278831481934e-01
-1.680550456047058105e+00
-1.899470567703247070e+00
9.381529688835144043e-01
-1.496650129556655884e-01
-3.015789091587066650e-01
1.145138964056968689e-01
3.745660558342933655e-02
9.312976598739624023e-01
1.230407238006591797e+00
-7.696083188056945801e-01
3.075937628746032715e-01
-2.898856103420257568e-01
1.741815686225891113e+00
-1.719072908163070679e-01
-5.769637227058410645e-02
-1.054962873458862305e-01
-9.056731462478637695e-01
-5.238546133041381836e-01
1.993664145469665527e+00
2.546201348304748535e-01
-1.782365441322326660e-01
5.122995376586914062e-02
-1.152177691459655762e+00
2.135298967361450195e+00
-2.118162959814071655e-01
5.367683172225952148e-01
1.849547147750854492e+00
8.220212459564208984e-01
-1.600648462772369385e-01
-1.051088869571685791e-01
-1.096646953374147415e-02
-5.058644413948059082e-01
5.466548204421997070e-01
7.538862228393554688e-01
-4.689514040946960449e-01
5.821961164474487305e-01
7.392488121986389160e-01
-1.440881490707397461e+00
1.984691321849822998e-01
-9.838544577360153198e-02
8.949565887451171875e-01
-7.563342452049255371e-01
1.658189296722412109e-02
-1.242618709802627563e-01
-3.000022768974304199e-01
3.735584765672683716e-02
7.437989711761474609e-01
-2.499226927757263184e-01
2.360152482986450195e+00
6.676230430603027344e-01
-1.501130908727645874e-01
-7.046850025653839111e-02
-6.091108173131942749e-02
-1.020435094833374023e+00
-3.088061511516571045e-01
1.229263901710510254e+00
2.150957107543945312e+00
1.996465474367141724e-01
-1.260353326797485352e+00
-6.775621175765991211e-01
-1.568401813507080078e+00
1.930574141442775726e-02
1.044016122817993164e+00
1.500089745968580246e-02
-1.781715989112854004e+00
7.181149125099182129e-01
1.410484433174133301e+00
-3.909711241722106934e-01
-2.009942054748535156e+00
2.062673568725585938e+00
-7.729202508926391602e-01
1.181541904807090759e-01
1.222480893135070801e+00
3.331365883350372314e-01
3.742767274379730225e-01
-1.021564602851867676e+00
-2.410499602556228638e-01
1.771820306777954102e+00
-1.093913912773132324e+00
1.334302783012390137e+00
-4.048903882503509521e-01
3.071888387203216553e-01
-2.397376596927642822e-01
8.051199465990066528e-02
9.912507981061935425e-02
-4.863596335053443909e-02
-1.182232856750488281e+00
1.980575621128082275e-01
-4.028955698013305664e-01
1.216549351811408997e-01
1.889033615589141846e-01
-1.379365772008895874e-01
-9.747118353843688965e-01
-1.545907974243164062e+00
-9.928198456764221191e-01
-1.774453759193420410e+00
-6.544908881187438965e-01
8.982623219490051270e-01
8.092963099479675293e-01
-8.147024512290954590e-01
1.679010868072509766e+00
1.581539630889892578e+00
-8.142885565757751465e-01
-9.326125979423522949e-01
-8.649134039878845215e-01
2.956746339797973633e+00
-1.265188455581665039e+00
7.138170003890991211e-01
-1.473428487777709961e+00
2.244400531053543091e-01
9.507093429565429688e-01
1.507743477821350098e+00
1.167383976280689240e-02
-1.688328534364700317e-01
