5.549951270222663879e-02
-7.730876654386520386e-02
2.013070136308670044e-02
-2.048212885856628418e-01
3.744370490312576294e-02
2.710759639739990234e-01
1.568140089511871338e-01
9.579556062817573547e-03
1.410323828458786011e-01
-1.539515405893325806e-01
-5.852095782756805420e-02
1.342943012714385986e-01
9.025087580084800720e-03
2.417670339345932007e-01
1.546946614980697632e-01
1.765025705099105835e-01
1.165434941649436951e-01
-1.405408829450607300e-01
-7.360159605741500854e-02
-5.250510945916175842e-02
