2.829425930976867676e-01
-3.654685989022254944e-02
-5.110733211040496826e-02
2.217657417058944702e-01
3.287609219551086426e-01
-1.980334073305130005e-01
-1.040748730301856995e-01
7.616065442562103271e-02
2.109135836362838745e-01
6.422179937362670898e-02
2.102040052413940430e-01
5.935931205749511719e-02
1.421073684468865395e-03
2.699298858642578125e-01
2.646123468875885010e-01
-1.727034598588943481e-01
-1.030885428190231323e-01
-1.502852290868759155e-01
2.685663998126983643e-01
2.401965856552124023e-01
