-5.826231241226196289e-01
5.731697082519531250e-01
-1.194286122918128967e-01
1.719238609075546265e-01
-7.638687491416931152e-01
-7.805433273315429688e-01
6.149263381958007812e-01
4.797454476356506348e-01
-7.394145727157592773e-01
8.232180476188659668e-01
-1.275801062583923340e+00
-2.381776809692382812e+00
-1.001643896102905273e+00
1.708254218101501465e+00
1.817515969276428223e+00
6.483473181724548340e-01
-5.929515361785888672e-01
1.718342661857604980e+00
-2.780995070934295654e-01
7.665416002273559570e-01
-1.208261251449584961e+00
-8.068405389785766602e-01
-2.365292608737945557e-01
7.935024499893188477e-01
-2.708800137042999268e-01
-7.570069432258605957e-01
1.127077817916870117e+00
-2.897392213344573975e-01
-7.251392602920532227e-01
-2.774320840835571289e-01
1.787868440151214600e-01
-2.178725749254226685e-01
4.886677265167236328e-01
1.861914433538913727e-02
-8.728393912315368652e-01
-1.954948902130126953e-01
-2.452892810106277466e-01
