2.692742645740509033e-01
1.884129494428634644e-01
1.923882514238357544e-01
-1.671344935894012451e-01
1.694662570953369141e-01
-1.896126866340637207e-01
-1.750423908233642578e-01
1.113489568233489990e-01
1.801320165395736694e-01
2.021373212337493896e-01
-1.919591724872589111e-01
1.999621242284774780e-01
1.958066821098327637e-01
-1.843690723180770874e-01
-5.506510287523269653e-02
1.751231104135513306e-01
1.197441443800926208e-01
3.118021190166473389e-01
2.948460280895233154e-01
2.162657380104064941e-01
