1.627012372016906738e+00
-9.385324716567993164e-01
1.233712315559387207e+00
1.772335320711135864e-01
-1.135060310363769531e+00
-1.150909185409545898e+00
7.590007185935974121e-01
-1.291945457458496094e+00
-7.077221870422363281e-01
8.033893108367919922e-01
8.719896674156188965e-01
5.769306421279907227e-01
8.910548686981201172e-01
-7.535304427146911621e-01
-9.710599184036254883e-01
8.550074100494384766e-01
9.783887267112731934e-01
6.225422024726867676e-01
2.836157381534576416e-01
-1.295115113258361816e+00
-9.325019121170043945e-01
-1.926121592521667480e+00
-4.322531223297119141e-01
9.973165988922119141e-01
6.027572751045227051e-01
-3.863956630229949951e-01
-2.987458370625972748e-02
1.125739455223083496e+00
-2.890073060989379883e-01
-8.820793628692626953e-01
-1.190158724784851074e+00
1.231416538357734680e-01
-2.592172026634216309e-01
2.072155922651290894e-01
-8.021599054336547852e-01
6.673870086669921875e-01
8.717184662818908691e-01
2.901574611663818359e+00
2.475838661193847656e+00
1.599029004573822021e-01
-2.374278753995895386e-01
1.254816055297851562e+00
-1.726179361343383789e+00
-4.080186188220977783e-01
1.871381044387817383e+00
-4.045756757259368896e-01
4.953193068504333496e-01
4.898918867111206055e-01
8.268921971321105957e-01
-1.431123167276382446e-01
-9.388883113861083984e-01
2.058589458465576172e+00
-2.436364442110061646e-01
-6.025605797767639160e-01
-6.390197873115539551e-01
