5.624452233314514160e-01
4.107696115970611572e-01
-1.146008610725402832e+00
3.693482279777526855e-01
3.848845660686492920e-01
-4.299506172537803650e-02
5.299944281578063965e-01
8.462533950805664062e-01
-5.678242444992065430e-01
1.168743729591369629e+00
-4.539771676063537598e-01
1.064900636672973633e+00
-7.283367514610290527e-01
-7.880207300186157227e-01
1.249423623085021973e-02
-3.552619814872741699e-01
-9.260888099670410156e-01
-1.744240820407867432e-01
1.221687078475952148e+00
-8.924810886383056641e-01
5.433783531188964844e-01
1.051706790924072266e+00
-2.455808162689208984e+00
3.712387010455131531e-02
-1.389225363731384277e+00
-1.332521438598632812e+00
9.048063308000564575e-02
-4.520845711231231689e-01
-3.783542513847351074e-01
1.494680285453796387e+00
2.991575002670288086e-01
9.106936454772949219e-01
8.204331398010253906e-01
1.697903964668512344e-03
3.593417704105377197e-01
-3.986841142177581787e-01
-9.080953598022460938e-01
-1.066839098930358887e+00
-1.205685019493103027e+00
5.535057783126831055e-01
1.343720912933349609e+00
2.239449262619018555e+00
-3.531358838081359863e-01
-3.731420636177062988e-01
-3.087246716022491455e-01
-1.982288658618927002e-01
2.263320684432983398e-01
1.297253966331481934e+00
3.419227600097656250e+00
3.446498811244964600e-01
3.231964111328125000e+00
-1.067297101020812988e+00
1.247745394706726074e+00
-2.274338454008102417e-01
1.639342010021209717e-01
