-1.094585895538330078e+00
-3.973167538642883301e-01
-1.455665707588195801e+00
8.563732504844665527e-01
-1.044566988945007324e+00
-1.350445032119750977e+00
5.917852520942687988e-01
-3.510755598545074463e-01
-1.507235884666442871e+00
8.030582070350646973e-01
-3.185151517391204834e-01
-6.315683722496032715e-01
1.452879756689071655e-01
1.075352653861045837e-01
1.000695943832397461e+00
-1.343684792518615723e+00
-1.412844210863113403e-01
-2.455443859100341797e+00
1.308515071868896484e-01
-3.158167004585266113e-01
-1.432253837585449219e+00
-1.646083116531372070e+00
2.317122071981430054e-01
-8.762733936309814453e-01
6.449066996574401855e-01
1.978685408830642700e-01
-3.611761033535003662e-01
4.071301817893981934e-01
-7.407788634300231934e-01
-3.884678781032562256e-01
-6.122644543647766113e-01
-8.458332419395446777e-01
6.114607453346252441e-01
-2.180725783109664917e-01
3.467432558536529541e-01
1.849299311637878418e+00
5.655598826706409454e-03
-1.733051091432571411e-01
7.081284523010253906e-01
-9.007426500320434570e-01
9.609194993972778320e-01
-2.260301113128662109e-01
-1.264223217964172363e+00
1.338635921478271484e+00
4.118421375751495361e-01
-1.560536265373229980e+00
7.038791179656982422e-01
-6.808084249496459961e-01
1.220800995826721191e+00
-2.129585027694702148e+00
4.473179578781127930e-01
-5.934971943497657776e-02
4.462853372097015381e-01
5.972658991813659668e-01
-1.087536215782165527e+00
