9.153952002525329590e-01
-7.884967327117919922e-01
9.005759656429290771e-02
-8.352749794721603394e-02
-1.486824631690979004e+00
1.094405800104141235e-01
3.122173845767974854e-01
2.379171371459960938e+00
-1.120911598205566406e+00
3.403579443693161011e-02
6.318783164024353027e-01
-2.065630912780761719e+00
1.633555889129638672e+00
3.160225749015808105e-01
-1.387336373329162598e+00
2.316451817750930786e-01
-1.267821788787841797e-01
3.092349767684936523e-01
-1.960579603910446167e-01
7.203271985054016113e-01
1.480611562728881836e+00
-4.139250516891479492e-01
1.116272568702697754e+00
2.221075296401977539e-01
-1.286863565444946289e+00
-2.149067223072052002e-01
1.081167440861463547e-02
3.110365629196166992e+00
-7.741467952728271484e-01
1.006542563438415527e+00
-3.335416615009307861e-01
1.966341972351074219e+00
6.507769227027893066e-02
2.416607141494750977e+00
-8.575140237808227539e-01
5.295649915933609009e-02
4.792605638504028320e-01
-9.267952442169189453e-01
1.839122921228408813e-01
1.366450428962707520e+00
-1.729559183120727539e+00
-1.336161017417907715e+00
-7.162083685398101807e-02
-5.900377631187438965e-01
2.297805100679397583e-01
-1.593113243579864502e-01
4.837397336959838867e-01
-7.868509292602539062e-01
-5.394186377525329590e-01
3.248178064823150635e-01
-5.725744366645812988e-01
9.783498644828796387e-01
-3.228180110454559326e-01
-9.374210238456726074e-01
1.641475558280944824e-01
4.398248791694641113e-01
4.005044698715209961e-01
1.139814615249633789e+00
-1.336153447628021240e-01
-1.502728015184402466e-01
7.688944339752197266e-01
-6.771235167980194092e-02
1.155560493469238281e+00
8.891366422176361084e-02
6.066499948501586914e-01
3.934834897518157959e-02
5.964744687080383301e-01
-1.629917740821838379e+00
-6.414077877998352051e-01
-6.249366402626037598e-01
-3.107843637466430664e+00
-1.005967974662780762e+00
3.911500871181488037e-01
1.549321413040161133e-01
-9.306181073188781738e-01
-1.232890009880065918e+00
-5.320793390274047852e-02
-6.785788536071777344e-01
2.755192816257476807e-01
2.276401817798614502e-01
1.664907038211822510e-01
6.805652976036071777e-01
6.464794874191284180e-01
2.215130031108856201e-01
-2.418359518051147461e-01
2.431103885173797607e-01
1.367802321910858154e-01
-1.237353444099426270e+00
6.101472377777099609e-01
1.035278081893920898e+00
-9.023961424827575684e-01
-1.363922357559204102e+00
1.061789393424987793e+00
8.800529241561889648e-01
9.663347601890563965e-01
-2.895051538944244385e-01
-7.967326790094375610e-02
1.320332230534404516e-04
-1.005118846893310547e+00
-7.027289271354675293e-01
1.736000776290893555e+00
1.140024900436401367e+00
2.397942543029785156e-01
8.713213205337524414e-01
-9.500120580196380615e-02
1.361712336540222168e+00
1.776802062988281250e+00
4.020552933216094971e-01
1.310443401336669922e+00
1.231451988220214844e+00
-5.076085925102233887e-01
-3.118945658206939697e-01
9.608755111694335938e-01
1.030645489692687988e+00
-8.611731529235839844e-01
6.964353919029235840e-01
1.090618371963500977e+00
1.216027379035949707e+00
-1.352368593215942383e+00
6.860600709915161133e-01
2.602408826351165771e-01
-5.624462366104125977e-01
1.519542932510375977e+00
-3.510345518589019775e-01
-1.523088097572326660e+00
1.673083662986755371e+00
1.292544841766357422e+00
-2.504131197929382324e-01
-6.953624486923217773e-01
-1.184585466980934143e-01
-9.835730791091918945e-01
2.492111176252365112e-01
4.512515366077423096e-01
8.061901330947875977e-01
-3.093324005603790283e-01
5.884340405464172363e-01
5.792128443717956543e-01
-8.252158164978027344e-01
3.491581380367279053e-01
-1.925570964813232422e-01
-5.941011905670166016e-01
1.203758955001831055e+00
-1.517985463142395020e+00
5.005704164505004883e-01
6.548705101013183594e-01
-8.265491127967834473e-01
-3.417234718799591064e-01
-1.843117922544479370e-01
-5.760025382041931152e-01
5.339067578315734863e-01
8.883058279752731323e-02
3.135393261909484863e-01
3.098222732543945312e+00
6.712118387222290039e-01
-1.043563842773437500e+00
-1.112171530723571777e+00
-1.458603858947753906e+00
-1.020555734634399414e+00
3.902954459190368652e-01
-2.866793572902679443e-01
-8.452203273773193359e-01
9.876921176910400391e-01
2.318312078714370728e-01
6.789696812629699707e-01
3.905852138996124268e-01
-1.973619163036346436e-01
-2.375891953706741333e-01
2.046192169189453125e+00
-3.085124790668487549e-01
6.352317929267883301e-01
-2.685375511646270752e-01
2.181085646152496338e-01
4.718338847160339355e-01
1.949150562286376953e-01
1.135658502578735352e+00
1.869046926498413086e+00
1.804064631462097168e+00
3.707401752471923828e-01
6.537691224366426468e-03
7.635478973388671875e-01
-7.773244380950927734e-01
1.541352987289428711e+00
2.310506850481033325e-01
-2.062326967716217041e-01
-5.854051113128662109e-01
-7.215532660484313965e-01
-3.208768665790557861e-01
9.486432373523712158e-02
3.236916959285736084e-01
-5.664638280868530273e-01
