1.609649956226348877e-01
3.463925421237945557e-01
-7.547936439514160156e-01
3.823071241378784180e+00
6.440083682537078857e-02
-1.306340217590332031e+00
-1.769896298646926880e-01
-1.054697155952453613e+00
6.088671088218688965e-01
-5.529059097170829773e-02
-1.218905687332153320e+00
-1.076979875564575195e+00
-4.467992484569549561e-02
1.590274453163146973e+00
-5.347214937210083008e-01
1.557103753089904785e+00
1.166390061378479004e+00
-1.244476437568664551e+00
-8.488244414329528809e-01
-8.428229093551635742e-01
-1.384954452514648438e+00
5.139549374580383301e-01
1.853910207748413086e+00
1.562513947486877441e+00
-6.384303569793701172e-01
-1.035478234291076660e+00
-5.513584017753601074e-01
1.375261098146438599e-01
-6.078043580055236816e-01
2.187616378068923950e-01
2.233312368392944336e+00
-1.147831439971923828e+00
-8.687393665313720703e-01
-6.712117195129394531e-01
1.950381875038146973e+00
-3.664855659008026123e-01
-1.919887363910675049e-01
-1.626490354537963867e+00
1.508017778396606445e+00
-1.123318791389465332e+00
6.529594063758850098e-01
-5.986433941870927811e-03
-2.514619588851928711e+00
-8.528465032577514648e-01
-1.397263646125793457e+00
-3.672110140323638916e-01
-6.287630796432495117e-01
-4.357112944126129150e-01
-2.902349531650543213e-01
-4.050821661949157715e-01
-4.383341073989868164e-01
-1.144906640052795410e+00
-6.534471511840820312e-01
-3.850553631782531738e-01
-5.511641502380371094e-01
-3.175629079341888428e-01
-3.032874502241611481e-02
-1.792688846588134766e+00
1.378015995025634766e+00
6.461465358734130859e-01
-9.626902639865875244e-03
9.029807150363922119e-02
8.004962801933288574e-01
-6.368700861930847168e-01
-9.448292851448059082e-02
-1.937971562147140503e-01
-1.664457201957702637e+00
2.173632681369781494e-01
-2.328280508518218994e-01
-2.239794492721557617e+00
-4.331392049789428711e-01
-1.368588566780090332e+00
4.382480680942535400e-01
2.902765870094299316e-01
9.560741782188415527e-01
-9.524749517440795898e-01
-8.379450440406799316e-01
7.716740369796752930e-01
-7.226814627647399902e-01
-6.063151359558105469e-01
7.991255521774291992e-01
3.478836715221405029e-01
1.115288019180297852e+00
1.585505127906799316e+00
-2.051947116851806641e+00
7.119643688201904297e-01
9.021906852722167969e-01
1.141735672950744629e+00
-6.757133007049560547e-01
-4.901493489742279053e-01
-7.337850928306579590e-01
-2.645878791809082031e-01
-1.809599161148071289e+00
-2.630192637443542480e-01
6.415639519691467285e-01
1.311872124671936035e+00
5.323243141174316406e-02
1.385254502296447754e+00
3.496055603027343750e-01
-3.008994460105895996e-01
1.722092032432556152e-01
2.664739608764648438e+00
-1.100034832954406738e+00
7.383316755294799805e-01
1.705805808305740356e-01
-3.228026390075683594e+00
1.113547921180725098e+00
-1.021810173988342285e+00
8.837751150131225586e-01
-1.106162667274475098e+00
-7.947151064872741699e-01
1.045732498168945312e+00
-2.406423389911651611e-01
-5.112956762313842773e-01
-2.562734782695770264e-01
-4.985288977622985840e-01
-5.945583581924438477e-01
-2.011290937662124634e-01
3.775468468666076660e-01
-9.619740247726440430e-01
-1.278070807456970215e-01
7.953572273254394531e-02
9.671128392219543457e-01
-5.962877273559570312e-01
2.017285346984863281e+00
8.313300609588623047e-01
-6.344026923179626465e-01
1.248812437057495117e+00
-1.703810572624206543e+00
-7.596843242645263672e-01
-9.945408701896667480e-01
5.312767624855041504e-01
5.899634361267089844e-01
-9.459137916564941406e-01
1.409749239683151245e-01
5.215537548065185547e-01
2.617194652557373047e-01
1.832251191139221191e+00
2.477743476629257202e-01
-1.309584140777587891e+00
3.610868453979492188e-01
7.435082793235778809e-01
8.101180791854858398e-01
-7.612767219543457031e-01
1.781304240226745605e+00
-2.805821895599365234e-01
1.231881022453308105e+00
-7.324329614639282227e-01
-6.758068799972534180e-01
-2.197586372494697571e-02
-3.119730651378631592e-01
-1.962383985519409180e+00
6.850013136863708496e-01
-2.060895204544067383e+00
-4.697512984275817871e-01
-2.855337262153625488e-01
1.770069241523742676e+00
-1.778226256370544434e+00
-7.482632994651794434e-02
-1.565519720315933228e-01
-7.224598526954650879e-01
-7.947654128074645996e-01
1.134291648864746094e+00
-1.465797424316406250e+00
-7.688879966735839844e-01
-3.585111141204833984e+00
9.782860428094863892e-02
-3.569075763225555420e-01
9.456794261932373047e-01
2.837999582290649414e+00
-1.242478489875793457e+00
-1.033478260040283203e+00
5.997048616409301758e-01
-1.247264027595520020e+00
-1.244315385818481445e+00
-2.733004987239837646e-01
7.398014664649963379e-01
2.274916619062423706e-01
-7.346627116203308105e-01
-1.349491477012634277e+00
3.275194883346557617e+00
6.322708129882812500e-01
2.859855592250823975e-01
-5.687006711959838867e-01
-1.060974836349487305e+00
-6.954159736633300781e-01
-1.329623579978942871e+00
7.607371211051940918e-01
1.505902528762817383e+00
1.762990951538085938e-01
