-2.662968821823596954e-02
6.913943588733673096e-02
-9.322717040777206421e-02
-1.737776771187782288e-02
7.515200972557067871e-02
-2.285664677619934082e-01
-6.149916723370552063e-02
1.001845970749855042e-01
2.308868244290351868e-02
-1.072502955794334412e-01
1.629506051540374756e-01
4.649440571665763855e-02
3.213361650705337524e-02
1.213014125823974609e-01
-1.182148233056068420e-01
-2.253442555665969849e-01
-1.502143740653991699e-01
-3.229672312736511230e-01
-2.356116175651550293e-01
-1.831447929143905640e-01
