-4.999987431801855564e-04
4.999990342184901237e-04
4.999964148737490177e-04
4.999986849725246429e-04
-4.999878583475947380e-04
-4.999993834644556046e-04
-4.999994998797774315e-04
4.999985103495419025e-04
4.999993252567946911e-04
4.999982193112373352e-04
-4.999990342184901237e-04
-4.999993252567946911e-04
4.999983939342200756e-04
4.999978118576109409e-04
-4.999986849725246429e-04
-4.999992670491337776e-04
4.999978118576109409e-04
4.999993252567946911e-04
-4.999941447749733925e-04
4.999963566660881042e-04
