1.178341582417488098e-01
9.378603845834732056e-02
1.448186188936233521e-01
6.777415424585342407e-02
9.054855257272720337e-02
8.039034157991409302e-02
7.696965336799621582e-02
1.071433350443840027e-01
1.268923282623291016e-01
3.871314227581024170e-01
1.089602261781692505e-01
1.300718486309051514e-01
5.355288088321685791e-02
1.370058059692382812e-01
1.265411674976348877e-01
4.002590477466583252e-01
3.765915287658572197e-03
1.230773702263832092e-01
3.126398846507072449e-02
7.818625122308731079e-02
