-1.496692895889282227e-01
-9.686499238014221191e-01
7.415762543678283691e-01
-8.933733701705932617e-01
1.212528705596923828e+00
3.654776811599731445e-01
-9.603843092918395996e-01
-9.991389699280261993e-03
-2.186576366424560547e+00
6.202060580253601074e-01
4.397072494029998779e-01
-5.816172808408737183e-02
-5.726262927055358887e-01
8.350726962089538574e-02
7.238431572914123535e-01
-6.347668766975402832e-01
5.850351452827453613e-01
-2.044181674718856812e-01
-1.492378830909729004e+00
-5.281451940536499023e-01
6.212674975395202637e-01
1.234681963920593262e+00
-2.765048742294311523e-01
-9.334847331047058105e-01
4.524685442447662354e-01
7.127293944358825684e-02
5.428338050842285156e-01
7.502279877662658691e-01
-9.534229636192321777e-01
-1.325938344001770020e+00
-3.192907571792602539e-01
1.097663044929504395e+00
4.636993706226348877e-01
-1.229615449905395508e+00
8.747581839561462402e-01
1.000805377960205078e+00
-1.938396096229553223e+00
-1.220488548278808594e+00
1.546899557113647461e+00
-1.015499472618103027e+00
2.234248965978622437e-01
2.806031107902526855e-01
-1.670829534530639648e+00
-7.210618853569030762e-01
-2.816329300403594971e-01
-5.622767210006713867e-01
-1.427895665168762207e+00
-4.579664021730422974e-02
7.071644663810729980e-01
-3.325146138668060303e-01
6.521255373954772949e-01
-7.825555205345153809e-01
2.627355158329010010e-01
4.277338087558746338e-01
2.654276192188262939e-01
-1.000384449958801270e+00
1.353165060281753540e-01
1.515534043312072754e+00
1.847117662429809570e+00
-1.000313878059387207e+00
-1.117112040519714355e+00
-1.106605052947998047e+00
-9.566176533699035645e-01
-5.734439492225646973e-01
4.533262457698583603e-03
7.922210097312927246e-01
2.232287973165512085e-01
1.076669692993164062e+00
-2.097984552383422852e+00
-7.312096953392028809e-01
4.538556039333343506e-01
-1.005883216857910156e+00
2.750441551208496094e+00
4.906212985515594482e-01
5.205437541007995605e-01
2.004322782158851624e-02
-8.741626143455505371e-01
-1.584500670433044434e+00
3.078587949275970459e-01
-3.622187972068786621e-01
1.141841769218444824e+00
-1.939440488815307617e+00
-6.820973157882690430e-01
1.543414950370788574e+00
1.711881160736083984e+00
-2.922947406768798828e-01
1.271965265274047852e+00
-1.648427605628967285e+00
1.821027636528015137e+00
1.197276473045349121e+00
-5.533778071403503418e-01
8.419968485832214355e-01
4.620771110057830811e-01
-3.653490841388702393e-01
5.971292257308959961e-01
1.647137880325317383e+00
-1.747061610221862793e+00
7.631867527961730957e-01
-5.900505781173706055e-01
-1.128395080566406250e+00
2.377920001745223999e-01
-1.247431159019470215e+00
2.051508752629160881e-03
-8.103837370872497559e-01
-1.011602759361267090e+00
4.463371634483337402e-02
5.874393582344055176e-01
3.730458915233612061e-01
9.010900557041168213e-02
5.628785490989685059e-01
1.662064433097839355e+00
-2.201084613800048828e+00
-2.016902901232242584e-02
8.151866197586059570e-01
-9.002898931503295898e-01
-5.859606862068176270e-01
-6.987214088439941406e-01
1.222634673118591309e+00
-8.573146462440490723e-01
1.103453636169433594e+00
4.190597236156463623e-01
-3.716014921665191650e-01
-9.080089330673217773e-01
-9.997292757034301758e-01
7.940949201583862305e-01
6.999500989913940430e-01
-1.468913555145263672e+00
-3.448100686073303223e-01
4.464025795459747314e-02
-9.998341798782348633e-01
3.652601242065429688e-01
1.819323420524597168e+00
6.666696071624755859e-01
-9.367199540138244629e-01
-2.329116165637969971e-01
-1.603867560625076294e-01
-7.042276859283447266e-01
-2.441394329071044922e-01
-1.019846916198730469e+00
-1.704758256673812866e-01
6.997987031936645508e-01
1.091503143310546875e+00
-6.418277025222778320e-01
6.338491439819335938e-01
4.416463077068328857e-01
9.040012359619140625e-01
5.870184302330017090e-01
5.505243539810180664e-01
8.006883859634399414e-01
-3.524450361728668213e-01
-8.556320667266845703e-01
1.508297443389892578e+00
1.648034691810607910e+00
4.857695996761322021e-01
-8.230360746383666992e-01
-7.682824879884719849e-02
-4.833630025386810303e-01
1.246139287948608398e+00
6.024174094200134277e-01
-2.126036167144775391e+00
2.131793946027755737e-01
2.216597348451614380e-01
-1.622560143470764160e+00
-1.267717242240905762e+00
6.825413107872009277e-01
2.133926391601562500e+00
4.555852413177490234e-01
5.923725962638854980e-01
-3.191826865077018738e-02
1.062283590435981750e-01
1.363768219947814941e+00
1.831213086843490601e-01
-8.438339233398437500e-01
-4.273188412189483643e-01
-7.089878320693969727e-01
4.210403561592102051e-01
7.614585161209106445e-01
-1.106183648109436035e+00
1.236371278762817383e+00
1.523718953132629395e+00
-1.002458333969116211e+00
1.497523665428161621e+00
-1.552054047584533691e+00
6.161924600601196289e-01
6.621765494346618652e-01
1.800728291273117065e-01
-1.029504179954528809e+00
-1.675140261650085449e-01
7.974624633789062500e-02
1.336488008499145508e+00
-1.074548244476318359e+00
-5.649619698524475098e-01
-6.051147729158401489e-02
-6.340041756629943848e-01
-1.068370863795280457e-01
2.694543898105621338e-01
-5.363689661026000977e-01
1.214017748832702637e+00
4.411190152168273926e-01
-3.340836763381958008e-01
-1.002778410911560059e+00
1.291849374771118164e+00
1.457765102386474609e+00
1.916777133941650391e+00
-4.995240271091461182e-01
-2.046737194061279297e+00
7.415211200714111328e-01
3.345798254013061523e-01
8.167069554328918457e-01
1.676802039146423340e-01
