-4.755621552467346191e-01
7.103597521781921387e-01
1.999417304992675781e+00
5.763650536537170410e-01
-4.583368897438049316e-01
1.281201392412185669e-01
-2.409122437238693237e-01
-9.925918579101562500e-01
1.060031056404113770e-01
-8.437102437019348145e-01
8.612746596336364746e-01
1.034362316131591797e+00
9.829596877098083496e-01
1.153223156929016113e+00
-1.635703817009925842e-02
-1.495466828346252441e+00
9.417934417724609375e-01
1.021070852875709534e-01
2.618529498577117920e-01
-9.250911474227905273e-01
1.128262355923652649e-01
-3.971514403820037842e-01
1.049492835998535156e+00
9.845972061157226562e-01
1.069300770759582520e+00
-7.236312627792358398e-01
2.281554698944091797e+00
9.839669615030288696e-02
-4.290054738521575928e-01
-1.984966248273849487e-01
-1.079153895378112793e+00
1.152250885963439941e+00
2.039012908935546875e+00
5.459935665130615234e-01
-1.079147100448608398e+00
-4.323123022913932800e-02
-9.747211337089538574e-01
1.875635385513305664e+00
-1.543474942445755005e-01
7.199991345405578613e-01
8.161621093750000000e-01
1.941945910453796387e+00
4.905631244182586670e-01
2.490322738885879517e-01
-3.284286856651306152e-01
3.842666745185852051e-01
-1.210439085960388184e+00
4.649166464805603027e-01
-3.549886345863342285e-01
-5.334166288375854492e-01
1.102165937423706055e+00
8.633998036384582520e-01
-4.009706079959869385e-01
-5.962653756141662598e-01
9.044305235147476196e-02
1.892807483673095703e+00
9.618721604347229004e-01
-9.917509555816650391e-01
-9.386693239212036133e-01
-9.523485898971557617e-01
-1.034042313694953918e-01
8.078032732009887695e-01
6.566540598869323730e-01
-8.229529857635498047e-01
-6.090213060379028320e-01
7.840496301651000977e-01
1.113350242376327515e-01
2.535522937774658203e+00
-7.871596217155456543e-01
2.188561260700225830e-01
-6.694208383560180664e-01
6.863099932670593262e-01
-8.615346550941467285e-01
-8.627527952194213867e-01
9.204260706901550293e-01
-6.644424796104431152e-01
9.043105244636535645e-01
-7.475303411483764648e-01
8.585848212242126465e-01
1.180355787277221680e+00
-2.912741601467132568e-01
9.950724244117736816e-02
-3.254364430904388428e-01
-5.768058300018310547e-01
6.953108906745910645e-01
7.253558039665222168e-01
6.214292049407958984e-01
-1.792403459548950195e+00
-3.057480603456497192e-02
-7.135953009128570557e-02
-1.458849459886550903e-01
-1.175652503967285156e+00
-3.680424392223358154e-01
1.315494894981384277e+00
-1.212249159812927246e+00
7.844507694244384766e-01
5.013594627380371094e-01
1.418538451194763184e+00
4.735085368156433105e-01
-6.572836041450500488e-01
7.699896693229675293e-01
-2.039224624633789062e+00
4.206140935420989990e-01
4.985358715057373047e-01
5.202523618936538696e-02
3.321955204010009766e+00
-3.792745769023895264e-01
-1.383618265390396118e-02
-4.064968526363372803e-01
1.308395743370056152e+00
1.332539439201354980e+00
-5.945369005203247070e-01
-7.340966463088989258e-01
-2.485444545745849609e+00
-3.722916841506958008e-01
-1.154020547866821289e+00
-4.506713747978210449e-01
-4.235855042934417725e-01
-1.387020826339721680e+00
-1.653112053871154785e+00
-1.034156560897827148e+00
-4.485196173191070557e-01
6.555259227752685547e-02
6.262924522161483765e-02
-2.561788260936737061e-01
-5.397753715515136719e-01
-1.209426075220108032e-01
-3.694576323032379150e-01
8.753373026847839355e-01
1.296507120132446289e-01
-1.263219714164733887e+00
4.875308573246002197e-01
-1.588575363159179688e+00
3.374885022640228271e-01
-3.027850389480590820e-01
7.359776496887207031e-01
1.162521004676818848e+00
1.187768340110778809e+00
1.686976909637451172e+00
7.239945232868194580e-02
1.516041159629821777e+00
-1.008072197437286377e-01
1.396471500396728516e+00
5.750356316566467285e-01
6.213415861129760742e-01
-1.773154735565185547e+00
-1.846000075340270996e+00
-1.352606296539306641e+00
7.661578655242919922e-01
1.429135680198669434e+00
-2.517170310020446777e-01
3.139067888259887695e-01
4.872735142707824707e-01
-4.443764388561248779e-01
-1.195460464805364609e-02
8.639450073242187500e-01
3.561039268970489502e-02
-1.150716662406921387e+00
-3.072519302368164062e-01
1.227926731109619141e+00
-2.084401398897171021e-01
-2.103617191314697266e-01
3.254415690898895264e-01
-7.651383280754089355e-01
1.713090300559997559e+00
1.557543724775314331e-01
1.109750196337699890e-01
2.158159971237182617e+00
-1.084332466125488281e+00
-1.872336119413375854e-01
-6.066655516624450684e-01
5.922959446907043457e-01
2.513750791549682617e-01
1.143565654754638672e+00
2.040254354476928711e+00
2.765379548072814941e-01
-4.933553934097290039e-01
-1.682089209556579590e+00
1.073042750358581543e+00
5.496014952659606934e-01
-8.879767656326293945e-01
-1.546661138534545898e+00
1.047800183296203613e-01
1.690319538116455078e+00
2.169076442718505859e+00
-1.696836113929748535e+00
1.646325469017028809e+00
-7.346193790435791016e-01
8.446815609931945801e-01
3.002471625804901123e-01
