6.344016641378402710e-03
1.050003543496131897e-01
1.755855530500411987e-01
-1.274342536926269531e-01
-4.742647707462310791e-02
1.397961825132369995e-01
7.371516525745391846e-02
-6.788359582424163818e-02
1.610749959945678711e-01
-3.170098736882209778e-02
-9.703034907579421997e-02
-1.963329315185546875e-01
-1.706138551235198975e-01
7.419040054082870483e-02
1.692976504564285278e-01
-1.664178371429443359e-01
1.868999004364013672e-02
9.098746627569198608e-02
-1.194659993052482605e-01
-6.888898462057113647e-02
