-1.028387188911437988e+00
3.304564654827117920e-01
-1.515514731407165527e+00
-1.478705644607543945e+00
2.726481914520263672e+00
-1.229053974151611328e+00
1.233287155628204346e-01
6.313862204551696777e-01
-4.581914246082305908e-01
1.834071516990661621e+00
1.745653986930847168e+00
-4.370704591274261475e-01
2.390855997800827026e-01
1.434983372688293457e+00
-4.417717456817626953e-01
-6.756626367568969727e-01
-1.691025018692016602e+00
-7.200664281845092773e-01
-8.026931881904602051e-01
-7.116300463676452637e-01
1.057348251342773438e+00
-1.091030597686767578e+00
-5.877457261085510254e-01
-7.098963856697082520e-01
-1.267762035131454468e-01
-2.418615520000457764e-01
2.805539608001708984e+00
-1.159841194748878479e-01
-3.769056200981140137e-01
-1.059039831161499023e-01
4.695157706737518311e-01
-1.214244842529296875e+00
-5.487222671508789062e-01
5.166673064231872559e-01
7.582032680511474609e-02
5.273544788360595703e-01
-1.719238758087158203e-01
3.618444502353668213e-01
1.073883056640625000e+00
-1.113407731056213379e+00
1.190592885017395020e+00
-6.074972748756408691e-01
1.462585330009460449e+00
-1.163501262664794922e+00
1.197807669639587402e+00
1.403090238571166992e+00
-1.093764424324035645e+00
1.628288388252258301e+00
-5.024013519287109375e-01
-2.120610326528549194e-01
5.196639299392700195e-01
1.912709236145019531e+00
5.514315962791442871e-01
-6.541951745748519897e-02
1.280187010765075684e+00
9.780473709106445312e-01
-4.088383615016937256e-01
2.628065943717956543e-01
5.794847011566162109e-01
-6.437144875526428223e-01
-8.377545513212680817e-03
1.030525326728820801e+00
-1.531910300254821777e+00
2.984229922294616699e-01
-5.172365307807922363e-01
-1.400295495986938477e+00
-5.907005667686462402e-01
-6.523806452751159668e-01
1.658732175827026367e+00
9.425539970397949219e-01
-5.449796319007873535e-01
1.781872659921646118e-01
4.244336113333702087e-02
6.705523729324340820e-01
-1.142433166503906250e+00
1.367160558700561523e+00
5.190557241439819336e-01
-9.341146945953369141e-01
9.712181687355041504e-01
-1.661470890045166016e+00
7.895784378051757812e-01
-5.565926060080528259e-02
1.117926716804504395e+00
7.308408021926879883e-01
7.408592700958251953e-01
1.252387523651123047e+00
-3.404905796051025391e-01
2.493360787630081177e-01
1.403356432914733887e+00
-4.528906643390655518e-01
7.177640795707702637e-01
-1.477534055709838867e+00
1.266891717910766602e+00
6.719942390918731689e-02
7.723152637481689453e-01
1.595960736274719238e+00
-3.421374559402465820e-01
2.291531860828399658e-01
-7.285786420106887817e-02
1.807308435440063477e+00
-3.763241171836853027e-01
-3.274558186531066895e-01
5.855585932731628418e-01
5.407385230064392090e-01
-7.922670245170593262e-01
2.259707152843475342e-01
-1.291537523269653320e+00
6.711776852607727051e-01
3.668545186519622803e-01
-1.308380365371704102e+00
1.146991252899169922e+00
1.986538290977478027e+00
-7.210552692413330078e-01
-1.177197933197021484e+00
2.200254946947097778e-01
6.176228523254394531e-01
3.263723552227020264e-01
6.951158642768859863e-01
1.283398509025573730e+00
-2.490298032760620117e+00
2.368086576461791992e+00
-1.645556688308715820e+00
6.232712864875793457e-01
-8.821675181388854980e-01
-1.448442459106445312e+00
-8.856499195098876953e-01
-1.508779525756835938e+00
1.040487289428710938e+00
1.376358509063720703e+00
-2.787178456783294678e-01
8.169741034507751465e-01
5.442183613777160645e-01
1.076185464859008789e+00
-3.451564550399780273e+00
-6.037224531173706055e-01
-7.758295536041259766e-01
1.284030318260192871e+00
2.065419256687164307e-01
8.863997459411621094e-02
-3.322679996490478516e+00
-5.600707530975341797e-01
-1.019775390625000000e+00
1.728944629430770874e-01
-2.177518367767333984e+00
-4.997272789478302002e-01
1.322627067565917969e-01
-8.532023429870605469e-01
-1.014059036970138550e-01
-1.419640779495239258e+00
-1.664768338203430176e+00
-1.914933562278747559e+00
2.859669625759124756e-01
-3.192494511604309082e-01
-2.231207489967346191e-01
-1.200523674488067627e-01
4.232875108718872070e-01
1.755357623100280762e+00
-1.618062376976013184e+00
2.168349981307983398e+00
1.204879164695739746e+00
6.621660590171813965e-01
-1.842348724603652954e-01
3.854307532310485840e-01
-1.488569378852844238e+00
-5.938626527786254883e-01
-7.066596746444702148e-01
-6.670738458633422852e-01
-8.764833211898803711e-02
-6.111331582069396973e-01
8.706306815147399902e-01
1.886394172906875610e-01
-1.085442185401916504e+00
-5.451344251632690430e-01
-1.025299072265625000e+00
-1.320001840591430664e+00
-2.061445862054824829e-01
1.564987152814865112e-01
-9.777528643608093262e-01
-5.997478961944580078e-01
-6.329201906919479370e-02
-1.581387042999267578e+00
-6.487812399864196777e-01
-1.062470316886901855e+00
-1.820092082023620605e+00
-1.835244417190551758e+00
-8.162500262260437012e-01
-4.532971233129501343e-02
1.377841472625732422e+00
-1.334346652030944824e+00
-2.014921188354492188e+00
