8.113923668861389160e-02
7.581918686628341675e-02
-4.821088165044784546e-03
1.000277549028396606e-01
1.242930516600608826e-01
-2.312257140874862671e-02
1.318532377481460571e-01
8.077342063188552856e-02
-1.102765798568725586e-01
-3.844935446977615356e-03
-1.316804531961679459e-02
6.259974092245101929e-02
3.291729092597961426e-02
-1.226143613457679749e-01
-6.161957979202270508e-02
6.127079203724861145e-02
1.191658899188041687e-01
1.566643416881561279e-01
2.064779549837112427e-01
-1.861405968666076660e-01
