7.098133116960525513e-02
1.348799765110015869e-01
2.608354389667510986e-01
8.093661069869995117e-02
1.880448311567306519e-03
1.577674448490142822e-01
1.317341923713684082e-01
1.083591505885124207e-01
7.311083376407623291e-02
3.277989029884338379e-01
2.142602652311325073e-01
6.715414673089981079e-02
1.066592186689376831e-01
-6.560474634170532227e-02
2.592895738780498505e-02
3.443541824817657471e-01
1.060530990362167358e-01
2.251797169446945190e-01
1.700493097305297852e-01
-1.488480120897293091e-01
