1.631480059586465359e-03
-5.194503068923950195e-02
-1.402700096368789673e-01
-2.089613117277622223e-02
2.520301565527915955e-02
-4.566292837262153625e-02
-6.301546096801757812e-02
-1.561130434274673462e-01
-2.493465691804885864e-02
2.523900941014289856e-02
1.768666878342628479e-02
-5.820160359144210815e-02
-3.069734871387481689e-01
8.006636798381805420e-02
-9.349202364683151245e-02
-3.697476685047149658e-01
8.842438459396362305e-02
1.532108932733535767e-01
-2.242476493120193481e-01
2.154878675937652588e-01
