1.520054340362548828e+00
1.435120582580566406e+00
-1.511307954788208008e+00
-1.193256974220275879e+00
1.372105002403259277e+00
-1.559665203094482422e+00
-3.127543330192565918e-01
1.146688103675842285e+00
1.615212321281433105e+00
1.553386330604553223e+00
-9.999207854270935059e-01
-3.751741647720336914e-01
2.182207703590393066e-01
-1.658149361610412598e+00
-7.641928195953369141e-01
-2.653920888900756836e+00
1.622165799140930176e+00
6.758578419685363770e-01
-2.467783927917480469e+00
1.645454287528991699e+00
1.556521058082580566e+00
-1.347118914127349854e-01
-8.242988586425781250e-01
6.998036503791809082e-01
1.593166112899780273e+00
-5.195756554603576660e-01
-2.100095510482788086e+00
4.599135518074035645e-01
1.497155308723449707e+00
4.504860341548919678e-01
-1.154379487037658691e+00
-9.679349660873413086e-01
-3.330822885036468506e-01
-8.852189183235168457e-01
1.365389823913574219e+00
1.071458101272583008e+00
1.425530195236206055e+00
-3.361617922782897949e-01
1.112364768981933594e+00
1.880339682102203369e-01
1.564270377159118652e+00
1.894772648811340332e+00
-3.246557414531707764e-01
1.239579081535339355e+00
1.016624808311462402e+00
-9.158008694648742676e-01
1.756108760833740234e+00
8.178273439407348633e-01
1.686194539070129395e+00
2.144678235054016113e-01
9.676803648471832275e-02
1.188619256019592285e+00
-3.736465871334075928e-01
1.206113457679748535e+00
-3.394534289836883545e-01
2.008474618196487427e-01
1.355076074600219727e+00
3.275295257568359375e+00
-7.979974746704101562e-01
-2.708213329315185547e-01
1.001932621002197266e+00
9.515567421913146973e-01
-1.961872458457946777e+00
-1.604994833469390869e-01
-1.651088833808898926e+00
-5.916966199874877930e-01
3.828186988830566406e-01
9.472860693931579590e-01
-1.381805419921875000e+00
1.079605221748352051e+00
-1.195115447044372559e+00
-1.914272904396057129e-01
-4.884932339191436768e-01
-1.029786825180053711e+00
-6.027085185050964355e-01
-3.524830341339111328e-01
-1.400167793035507202e-01
7.310408353805541992e-02
-6.847774982452392578e-01
-1.140666007995605469e-01
7.451011538505554199e-01
8.402808755636215210e-02
1.306313157081604004e+00
1.171903252601623535e+00
2.196956157684326172e+00
2.201734542846679688e+00
1.490457057952880859e-01
1.373103260993957520e+00
3.990739583969116211e-01
-6.179836392402648926e-01
-8.134133219718933105e-01
1.697495460510253906e+00
1.296010017395019531e+00
2.533188760280609131e-01
-1.582652091979980469e+00
5.294999480247497559e-01
6.630849242210388184e-01
1.429036259651184082e+00
1.272310376167297363e+00
