4.999990342184901237e-04
4.999989178031682968e-04
-4.999992088414728642e-04
-4.999991506338119507e-04
-4.999976954422891140e-04
4.999986267648637295e-04
4.999914090149104595e-04
-4.999990342184901237e-04
-4.999991506338119507e-04
4.999984521418809891e-04
-4.999969969503581524e-04
-4.999994998797774315e-04
-4.999982775188982487e-04
-4.999986267648637295e-04
4.999992670491337776e-04
-4.999986267648637295e-04
4.999868688173592091e-04
-4.999989760108292103e-04
-4.999976954422891140e-04
4.999978700652718544e-04
