9.127051234245300293e-01
-3.112519085407257080e-01
-2.415273427963256836e+00
2.464683800935745239e-01
2.065688520669937134e-01
1.109908893704414368e-01
-6.257634162902832031e-01
9.854074716567993164e-01
-1.270124197006225586e+00
1.223681449890136719e+00
3.028207302093505859e+00
1.365724056959152222e-01
1.295345902442932129e+00
-7.306306362152099609e-01
8.689841032028198242e-01
-5.282305479049682617e-01
3.368746638298034668e-01
-3.166462779045104980e-01
5.729524493217468262e-01
-6.626871824264526367e-01
6.730741858482360840e-01
-4.139809906482696533e-01
-1.034170269966125488e+00
2.363581657409667969e-01
-1.259550452232360840e+00
-4.394477903842926025e-01
-1.644745916128158569e-01
-6.510820388793945312e-01
2.722459435462951660e-01
1.052591800689697266e+00
1.935325503349304199e+00
-1.899029910564422607e-01
-6.551545858383178711e-01
2.796260118484497070e-01
-1.045107245445251465e-01
3.556877076625823975e-01
-1.621449589729309082e-01
1.090897560119628906e+00
-4.002920389175415039e-01
-1.155747294425964355e+00
1.490309685468673706e-01
1.584517210721969604e-01
-1.358228087425231934e+00
1.161865234375000000e+00
-4.247820377349853516e-01
2.453226447105407715e-01
1.947495341300964355e+00
4.037787914276123047e-01
4.460918903350830078e-01
-7.482927441596984863e-01
1.329275846481323242e+00
-1.544080615043640137e+00
7.725221514701843262e-01
-3.458723127841949463e-01
-3.354807496070861816e-01
-6.901053190231323242e-01
-2.485586851835250854e-01
-1.301583647727966309e+00
-5.232295393943786621e-01
2.171595096588134766e+00
5.154305696487426758e-01
3.772318661212921143e-01
-4.694147408008575439e-01
5.839514136314392090e-01
1.131282925605773926e+00
8.336346149444580078e-01
3.343369364738464355e-01
-1.552635669708251953e+00
5.643897652626037598e-01
4.921497702598571777e-01
-8.130282163619995117e-01
-2.268269538879394531e+00
1.159457683563232422e+00
-3.742841780185699463e-01
1.225517988204956055e-01
8.438008427619934082e-01
-9.853567481040954590e-01
7.894179970026016235e-02
8.472793698310852051e-01
8.318389654159545898e-01
-7.011745572090148926e-01
-9.487294554710388184e-01
-1.157357469201087952e-01
-2.127744108438491821e-01
7.917124032974243164e-01
-9.635236859321594238e-01
7.424876689910888672e-01
-1.224865466356277466e-01
-7.146815061569213867e-01
8.000581264495849609e-01
7.022563219070434570e-01
-1.864818930625915527e+00
-7.752488255500793457e-01
-1.853256464004516602e+00
5.912556648254394531e-01
2.788219973444938660e-02
-1.380426526069641113e+00
-9.314741492271423340e-01
1.773355364799499512e+00
-2.447926104068756104e-01
3.626507818698883057e-01
-4.568890035152435303e-01
-1.458644866943359375e-01
7.206580042839050293e-01
1.735507547855377197e-01
7.472228407859802246e-01
7.261697649955749512e-01
-1.601332277059555054e-01
-6.612940132617950439e-02
-1.326031804084777832e+00
-6.207041740417480469e-01
-1.013234138488769531e+00
-2.395684957504272461e+00
-5.361045598983764648e-01
-3.192657947540283203e+00
1.203776836395263672e+00
3.690286278724670410e-01
1.119358316063880920e-01
-9.968312978744506836e-01
1.038078069686889648e+00
-3.620673418045043945e-01
7.877939939498901367e-01
2.351963281631469727e+00
-1.335536241531372070e+00
1.312386870384216309e+00
1.540923237800598145e+00
-4.380124509334564209e-01
2.174510002136230469e+00
1.449552536010742188e+00
2.856239080429077148e-01
-3.509143888950347900e-01
-1.552068352699279785e+00
1.092527389526367188e+00
4.807438850402832031e-01
8.353553414344787598e-01
6.196914315223693848e-01
1.292006850242614746e+00
-4.455229640007019043e-01
-7.676611654460430145e-03
-3.973393440246582031e-01
-7.093930244445800781e-01
-8.320617675781250000e-01
6.583254933357238770e-01
1.274445652961730957e+00
-1.839613541960716248e-02
4.952069222927093506e-01
-1.098454117774963379e+00
4.519435167312622070e-01
6.998742818832397461e-01
-5.798401832580566406e-01
1.418969035148620605e+00
-6.029623746871948242e-01
-6.205614209175109863e-01
1.099951788783073425e-01
2.411513566970825195e+00
-1.139620065689086914e+00
-6.582597494125366211e-01
-1.070135831832885742e+00
-2.884520590305328369e-01
1.343485832214355469e+00
-1.835083961486816406e+00
-1.931097745895385742e+00
2.091508656740188599e-01
1.982027292251586914e+00
-1.482089400291442871e+00
1.942578673362731934e+00
-5.801656246185302734e-01
2.644826173782348633e-01
-3.411016240715980530e-02
1.883321046829223633e+00
1.695084571838378906e+00
1.679089426994323730e+00
-6.666184067726135254e-01
-2.060451030731201172e+00
-2.686054110527038574e-01
-2.505139708518981934e-01
-5.446972846984863281e-01
-1.280251979827880859e+00
5.968059301376342773e-01
9.247691035270690918e-01
1.014402732253074646e-01
3.546568453311920166e-01
-3.008752763271331787e-01
1.266429305076599121e+00
1.328754067420959473e+00
9.018636345863342285e-01
-7.598058581352233887e-01
-9.574564099311828613e-01
7.845136523246765137e-01
-6.072316318750381470e-02
