1.582727551460266113e+00
-2.017751187086105347e-01
1.106420159339904785e-01
5.169170722365379333e-02
1.316020131111145020e+00
-1.830178052186965942e-01
-8.344877362251281738e-01
2.478962838649749756e-01
7.728462219238281250e-01
-7.394070625305175781e-01
5.746684074401855469e-01
8.903968930244445801e-01
-5.854757428169250488e-01
-4.504268467426300049e-01
1.305051803588867188e+00
-1.051733016967773438e+00
6.397954821586608887e-01
-1.017019152641296387e-02
7.084022164344787598e-01
-7.886355519294738770e-01
-4.189344048500061035e-01
-1.568480253219604492e+00
1.203009843826293945e+00
-2.133457362651824951e-01
1.326707839965820312e+00
-9.074034690856933594e-01
-1.125456571578979492e+00
-7.128440141677856445e-01
-1.708752363920211792e-01
-1.307356595993041992e+00
-4.964288771152496338e-01
-6.006532311439514160e-01
2.992350101470947266e+00
-1.019921064376831055e+00
1.230750046670436859e-02
-7.680999040603637695e-01
-8.453105688095092773e-01
1.259965419769287109e+00
-1.042640656232833862e-01
1.327963471412658691e+00
3.244769573211669922e-02
1.041051506996154785e+00
9.495521187782287598e-01
8.142945170402526855e-02
4.654933214187622070e-01
-2.377044409513473511e-01
-1.320209860801696777e+00
3.277844786643981934e-01
1.899116635322570801e-01
2.031049966812133789e+00
7.145820260047912598e-01
-1.154837846755981445e+00
-6.913458704948425293e-01
-1.896636724472045898e+00
2.067976713180541992e+00
-5.622047185897827148e-01
-2.252564281225204468e-01
4.377360343933105469e-01
-2.236802279949188232e-01
-1.042206048965454102e+00
2.180061936378479004e-01
-2.889079749584197998e-01
-7.178972959518432617e-01
-6.110382080078125000e-01
4.569363594055175781e-01
-1.084542393684387207e+00
-1.589405894279479980e+00
7.242898344993591309e-01
2.298222780227661133e-01
8.362112641334533691e-01
-1.279542446136474609e+00
-1.477022618055343628e-01
-1.697917729616165161e-01
5.416185259819030762e-01
3.157779574394226074e-01
-1.843233466148376465e+00
3.530251681804656982e-01
3.023489713668823242e-01
-2.676956653594970703e+00
1.733197093009948730e+00
-7.459215521812438965e-01
1.890028864145278931e-01
-6.744588911533355713e-02
1.596723914146423340e+00
2.321854233741760254e-01
-2.611560225486755371e-01
-1.220553159713745117e+00
5.204427242279052734e-01
2.250784933567047119e-01
9.196069240570068359e-01
-2.651013061404228210e-02
-7.590553164482116699e-01
-1.270275831222534180e+00
-2.180957049131393433e-01
2.883261144161224365e-01
4.010608792304992676e-01
-9.923068881034851074e-01
5.757213830947875977e-01
-1.450915575027465820e+00
1.239713668823242188e+00
-7.997018098831176758e-01
-6.212358474731445312e-01
1.531540513038635254e+00
7.829637527465820312e-01
-1.829190969467163086e+00
-2.828035354614257812e-01
1.656487882137298584e-01
-1.032546401023864746e+00
-3.781313002109527588e-01
5.558761358261108398e-01
1.150150537490844727e+00
2.516093969345092773e+00
1.597480297088623047e+00
-2.268104851245880127e-01
-1.492381930351257324e+00
-2.722370028495788574e-01
2.359330654144287109e+00
-4.517528116703033447e-01
1.889443546533584595e-01
3.977769315242767334e-01
-6.378771662712097168e-01
1.580702960491180420e-01
1.981556862592697144e-01
1.466502308845520020e+00
1.952764630317687988e+00
-1.833990335464477539e+00
7.030440866947174072e-02
-2.066881507635116577e-01
4.657317399978637695e-01
8.948217034339904785e-01
4.911794662475585938e-01
1.439839482307434082e+00
-7.004722356796264648e-01
3.145266175270080566e-01
-1.049706101417541504e+00
-1.329586505889892578e+00
-2.001562863588333130e-01
8.834171891212463379e-01
-8.921679854393005371e-01
-7.327210307121276855e-01
4.139963984489440918e-01
-7.319055199623107910e-01
-1.319470643997192383e+00
-4.325680434703826904e-01
-8.847146630287170410e-01
6.484819054603576660e-01
7.081437706947326660e-01
1.429601907730102539e-01
-6.351581215858459473e-01
8.593899756669998169e-02
3.016784489154815674e-01
-6.681713461875915527e-01
7.657321691513061523e-01
-2.452762722969055176e-01
-1.195280253887176514e-01
-2.194300174713134766e+00
8.334998041391372681e-02
8.136377334594726562e-01
2.180792570114135742e+00
9.102252721786499023e-01
-6.629163026809692383e-01
1.357166290283203125e+00
2.402004599571228027e-01
-5.082570314407348633e-01
-5.545858293771743774e-02
1.326406836509704590e+00
-3.431597948074340820e-01
-2.706511914730072021e-01
-9.440692067146301270e-01
3.183807373046875000e+00
-3.084461092948913574e-01
1.417819738388061523e+00
-1.221004202961921692e-01
4.797091186046600342e-01
7.156465649604797363e-01
1.126674652099609375e+00
-3.967847228050231934e-01
-9.918661415576934814e-02
3.272769451141357422e-01
1.274139642715454102e+00
4.917762875556945801e-01
-1.847862839698791504e+00
1.162726283073425293e-01
-1.236589401960372925e-01
1.188598513603210449e+00
8.091129064559936523e-01
4.605823382735252380e-02
-3.895970880985260010e-01
1.386886239051818848e+00
-5.992144942283630371e-01
