9.155900031328201294e-02
7.596786022186279297e-01
-6.518511176109313965e-01
8.790930509567260742e-01
-8.560453057289123535e-01
4.201712906360626221e-01
3.936500549316406250e-01
-2.175085246562957764e-01
1.791517257690429688e+00
-4.686697423458099365e-01
2.933591902256011963e-01
4.218123555183410645e-01
-6.596944928169250488e-01
-6.902777552604675293e-01
-9.857288002967834473e-01
-1.155572414398193359e+00
-8.048188686370849609e-01
1.253369450569152832e+00
2.101728439331054688e+00
6.318064928054809570e-01
7.458165884017944336e-01
-1.431778073310852051e+00
-1.496864080429077148e+00
-1.956519484519958496e+00
1.232844352722167969e+00
-1.717188119888305664e+00
2.884137630462646484e-01
-2.332487821578979492e+00
5.191957354545593262e-01
-2.849500179290771484e-01
-3.909440636634826660e-01
-8.379815816879272461e-01
7.886964082717895508e-01
2.271586358547210693e-01
1.072944998741149902e-01
1.975891947746276855e+00
-4.935348331928253174e-01
-8.913295269012451172e-01
-1.107533097267150879e+00
1.180782079696655273e+00
-3.943180739879608154e-01
-8.311462402343750000e-01
1.161563277244567871e+00
-1.659076660871505737e-01
6.461125016212463379e-01
-9.904128909111022949e-01
2.736468315124511719e+00
-1.371026754379272461e+00
6.926371157169342041e-02
-2.972182445228099823e-02
8.533990383148193359e-01
-1.209607049822807312e-01
-2.508987426757812500e+00
-6.020352840423583984e-01
-1.403083205223083496e+00
-9.844354391098022461e-01
8.092336058616638184e-01
-1.339546561241149902e+00
-2.592414379119873047e+00
-1.723792433738708496e+00
-1.782578602433204651e-02
1.087190032005310059e+00
-1.480505943298339844e+00
6.068688035011291504e-01
1.066361188888549805e+00
-3.170292675495147705e-01
8.042415380477905273e-01
-1.771385669708251953e-01
-2.344711303710937500e+00
-8.358416557312011719e-01
1.366880297660827637e+00
1.599678248167037964e-01
-5.140751600265502930e-01
5.765396356582641602e-01
-7.563977837562561035e-01
-7.171874642372131348e-01
-5.753927826881408691e-01
-1.291709542274475098e+00
-1.091223001480102539e+00
2.685795724391937256e-01
4.691485166549682617e-01
-1.057567954063415527e+00
1.465656638145446777e+00
-7.486502528190612793e-01
4.815257489681243896e-01
-1.206800460815429688e+00
-1.870231628417968750e+00
6.280093789100646973e-01
-2.157179564237594604e-01
-1.074567317962646484e+00
-2.687443196773529053e-01
1.262216567993164062e+00
4.799642264842987061e-01
1.608861207962036133e+00
-1.147933125495910645e+00
1.447581648826599121e+00
-4.070220887660980225e-01
1.778233766555786133e+00
-3.778413832187652588e-01
-3.214184641838073730e-01
6.483948826789855957e-01
5.987564921379089355e-01
5.130800008773803711e-01
-5.039291828870773315e-02
1.018399119377136230e+00
-1.080459713935852051e+00
-2.648203670978546143e-01
-7.372705340385437012e-01
-1.136725068092346191e+00
-4.674366712570190430e-01
1.890339106321334839e-01
7.126029729843139648e-01
1.188272386789321899e-01
4.642585515975952148e-01
-8.175662718713283539e-03
-4.503591358661651611e-02
2.215088009834289551e-01
-1.671689748764038086e+00
-1.784617066383361816e+00
6.277502775192260742e-01
7.810344099998474121e-01
6.964408755302429199e-01
7.166572809219360352e-01
2.372453212738037109e+00
-2.831738710403442383e+00
-4.475159943103790283e-01
1.743148684501647949e+00
-1.244555592536926270e+00
2.296560049057006836e+00
4.251655936241149902e-01
-4.687928259372711182e-01
4.004252552986145020e-01
-4.244640469551086426e-01
-8.204578161239624023e-01
5.897641181945800781e-03
2.333070188760757446e-01
1.765216588973999023e+00
-3.530048765242099762e-03
-1.048639178276062012e+00
3.084875345230102539e-01
-6.776579618453979492e-01
4.280939400196075439e-01
-6.482326388359069824e-01
1.078196763992309570e+00
-1.377209186553955078e+00
-2.063613414764404297e+00
1.102498054504394531e+00
-2.315840482711791992e+00
1.353647470474243164e+00
4.814568161964416504e-01
-5.476806759834289551e-01
-1.473322868347167969e+00
7.296394705772399902e-01
-9.692949652671813965e-01
6.860213875770568848e-01
9.129638671875000000e-01
-4.708204865455627441e-01
-2.323039025068283081e-01
5.496411323547363281e-01
6.471639871597290039e-01
-1.060619950294494629e+00
1.568810939788818359e+00
-1.213059067726135254e+00
-2.134651660919189453e+00
-1.373450756072998047e+00
-8.990662693977355957e-01
-1.538960576057434082e+00
2.212523698806762695e+00
-3.551508486270904541e-01
4.571716785430908203e-01
-1.452725172042846680e+00
-5.753323435783386230e-01
1.112556338310241699e+00
1.751543998718261719e+00
-1.145476941019296646e-02
3.934937119483947754e-01
-3.745585381984710693e-01
1.627934813499450684e+00
3.326433598995208740e-01
-3.244694694876670837e-02
1.182745456695556641e+00
1.717566251754760742e+00
1.003697276115417480e+00
-8.052148818969726562e-01
2.396164894104003906e+00
-1.041640758514404297e+00
-2.564294636249542236e-01
-5.950500965118408203e-01
4.719235599040985107e-01
6.179997920989990234e-01
