-3.438032791018486023e-02
-1.566668413579463959e-02
1.234968975186347961e-01
-3.505400568246841431e-02
-4.582461435347795486e-03
3.808296471834182739e-02
5.621181055903434753e-02
-9.546311944723129272e-02
5.957100540399551392e-02
5.905307829380035400e-02
-1.170610543340444565e-02
8.048399537801742554e-02
9.382278472185134888e-02
9.266001731157302856e-02
-8.908759802579879761e-03
-6.971328705549240112e-02
-1.689914613962173462e-01
3.357504010200500488e-01
-2.001337707042694092e-01
4.467152059078216553e-01
