8.109030313789844513e-03
3.314583003520965576e-01
-3.248187005519866943e-01
-4.309771582484245300e-02
-1.583164557814598083e-02
2.999184839427471161e-02
2.373599708080291748e-01
2.798002958297729492e-01
1.510314736515283585e-02
-1.669408828020095825e-01
-6.084450706839561462e-02
-9.768410027027130127e-02
-1.290746629238128662e-01
-2.612674534320831299e-01
-6.899809092283248901e-02
-1.087845191359519958e-01
-7.930768281221389771e-02
1.937501430511474609e-01
2.382313832640647888e-02
9.327890723943710327e-02
