5.548487976193428040e-02
6.538812071084976196e-02
7.130640000104904175e-02
7.246509194374084473e-02
7.194136828184127808e-02
-1.053317189216613770e-01
-8.898234367370605469e-02
8.692112565040588379e-02
-1.800702302716672421e-04
2.114179171621799469e-02
-1.053286902606487274e-02
7.915505021810531616e-02
1.705681979656219482e-01
-5.434433370828628540e-02
-1.116999238729476929e-01
2.093882709741592407e-01
-2.577004730701446533e-01
5.690297484397888184e-01
-1.269267201423645020e-01
2.101315557956695557e-01
