2.449625432491302490e-01
-1.905248761177062988e-01
-2.141962051391601562e-01
3.165362477302551270e-01
2.735753357410430908e-01
-9.128871560096740723e-02
-1.836111694574356079e-01
-8.799244463443756104e-02
-5.819934979081153870e-02
1.680575758218765259e-01
2.497587539255619049e-02
2.527917921543121338e-01
-1.054325178265571594e-01
3.222001791000366211e-01
6.436970829963684082e-01
3.019197881221771240e-01
-2.024568319320678711e-01
1.912690512835979462e-02
1.509932577610015869e-01
1.318309754133224487e-01
