-2.411075383424758911e-01
1.110261559486389160e+00
6.968623995780944824e-01
-4.997530281543731689e-01
-1.128476023674011230e+00
1.968842744827270508e+00
3.887556726112961769e-03
-5.128348469734191895e-01
1.740907907485961914e+00
8.752885460853576660e-02
4.993687868118286133e-01
-7.135551571846008301e-01
-1.045482754707336426e+00
-1.523823261260986328e+00
3.640908002853393555e-01
-8.153492808341979980e-01
4.379982650279998779e-01
5.594311356544494629e-01
-1.970236182212829590e+00
1.773207902908325195e+00
-2.491482257843017578e+00
7.517438530921936035e-01
-1.636537164449691772e-01
9.104656055569648743e-03
-1.577637314796447754e+00
2.998250722885131836e-01
1.010131597518920898e+00
-1.387716889381408691e+00
-2.493401616811752319e-02
-1.496759504079818726e-01
2.963280975818634033e-01
2.253804206848144531e-01
-1.933751106262207031e+00
-1.120669126510620117e+00
-4.482902288436889648e-01
4.672034084796905518e-01
9.519843459129333496e-01
3.704189658164978027e-01
8.663592934608459473e-01
-9.438989162445068359e-01
4.574728608131408691e-01
8.822973966598510742e-01
9.150900840759277344e-01
-3.881426155567169189e-01
-5.654869079589843750e-01
-2.137166559696197510e-01
-9.045257568359375000e-01
-1.588628768920898438e+00
7.757880687713623047e-01
-2.511034719645977020e-02
-4.202265739440917969e-01
9.579379558563232422e-01
1.541357338428497314e-01
-5.557263270020484924e-02
9.897242784500122070e-01
1.298653721809387207e+00
1.308812975883483887e+00
8.957476913928985596e-02
2.254106998443603516e-01
7.690500020980834961e-01
1.131935715675354004e+00
-5.047554895281791687e-02
1.966279625892639160e+00
-1.376552879810333252e-01
1.313904047012329102e+00
-3.818528354167938232e-01
9.030369520187377930e-01
5.848141312599182129e-01
5.108936429023742676e-01
5.178790092468261719e-01
-4.107063114643096924e-01
6.189846992492675781e-01
8.964732289314270020e-01
-5.535748973488807678e-02
-7.432416081428527832e-01
7.478279471397399902e-01
-9.501948952674865723e-01
1.469325572252273560e-01
-6.304072141647338867e-01
-1.423186302185058594e+00
9.977993369102478027e-01
8.384761214256286621e-01
2.052964866161346436e-01
1.395058155059814453e+00
-1.347998619079589844e+00
2.200710028409957886e-01
-7.418864220380783081e-02
1.182872772216796875e+00
-1.855813860893249512e+00
-2.170021384954452515e-01
-6.910089869052171707e-03
1.274268180131912231e-01
6.513600349426269531e-01
-1.052046656608581543e+00
1.985409259796142578e-01
-1.279759854078292847e-01
-4.239609241485595703e-01
-2.149473428726196289e+00
-9.399045109748840332e-01
-7.237543463706970215e-01
4.197004735469818115e-01
-1.658225297927856445e+00
7.053294777870178223e-01
2.027174949645996094e+00
2.248631238937377930e+00
2.152327597141265869e-01
4.671324193477630615e-01
1.407085299491882324e+00
1.033590793609619141e+00
1.632776856422424316e+00
-1.612276911735534668e+00
1.609952449798583984e+00
-8.986828327178955078e-01
6.094583868980407715e-01
-1.246224284172058105e+00
1.037515044212341309e+00
-1.631506323814392090e+00
2.853392958641052246e-01
1.431372642517089844e+00
1.231071114540100098e+00
-1.931323885917663574e+00
1.967192888259887695e-01
-8.991906046867370605e-01
4.195093810558319092e-01
-2.326343297958374023e+00
1.526171088218688965e+00
1.166970133781433105e+00
-5.411998033523559570e-01
-7.887961268424987793e-01
-3.645505607128143311e-01
1.091763377189636230e+00
-1.440519690513610840e-01
-9.251271933317184448e-02
-2.044931411743164062e+00
-1.398840546607971191e+00
3.872347474098205566e-01
7.064023613929748535e-01
3.985324501991271973e-01
-4.090113043785095215e-01
5.907054618000984192e-02
-5.289285778999328613e-01
1.396633982658386230e+00
-3.248684406280517578e-01
3.301807045936584473e-01
-2.022472396492958069e-02
-4.113804697990417480e-01
1.095934748649597168e+00
-6.587761640548706055e-01
1.977435231208801270e+00
-3.591012954711914062e-01
6.377929449081420898e-01
2.048214673995971680e+00
2.146466523408889771e-01
1.037700057029724121e+00
2.325177788734436035e-01
-7.197070717811584473e-01
-2.342432141304016113e-01
-6.617315411567687988e-01
-1.440099030733108521e-01
5.584837198257446289e-01
3.658806532621383667e-02
-2.834646940231323242e+00
1.395563006401062012e+00
2.233335018157958984e+00
-1.144716665148735046e-01
1.275143474340438843e-01
2.378582209348678589e-01
-1.836330294609069824e-01
2.022767305374145508e+00
-8.885674476623535156e-01
-1.739193439483642578e+00
3.380162417888641357e-01
7.357515096664428711e-01
-1.042503952980041504e+00
-2.168286591768264771e-01
-2.481099605560302734e+00
-4.301400482654571533e-01
1.211973786354064941e+00
1.428844571113586426e+00
-1.991846919059753418e+00
1.004319548606872559e+00
9.599273204803466797e-01
1.011149063706398010e-01
-4.879300296306610107e-01
2.524382472038269043e-01
-7.999292016029357910e-01
-6.430847644805908203e-01
7.353120446205139160e-01
-3.487581312656402588e-01
-6.881783604621887207e-01
