-2.533519983291625977e+00
1.198705911636352539e+00
-1.270838975906372070e+00
3.082875013351440430e-01
3.159193694591522217e-01
1.355570554733276367e+00
-1.472102999687194824e+00
3.119955360889434814e-01
8.384355902671813965e-01
-6.240874528884887695e-01
1.263179779052734375e+00
1.174226760864257812e+00
9.511023759841918945e-02
-1.851117372512817383e+00
1.091310977935791016e+00
-1.158612251281738281e+00
-1.634153723716735840e+00
1.910920441150665283e-01
-1.229503273963928223e+00
1.287214994430541992e+00
-7.816517353057861328e-01
-8.310903906822204590e-01
-6.571349501609802246e-01
-2.375017404556274414e-01
-3.888512849807739258e-01
-1.627087220549583435e-02
3.526057600975036621e-01
-1.013003349304199219e+00
-7.448519468307495117e-01
-8.579280972480773926e-01
2.717820644378662109e+00
-2.335587739944458008e+00
-7.265698313713073730e-01
9.240067005157470703e-01
-8.771937489509582520e-01
2.909879386425018311e-01
1.844938278198242188e+00
-1.955069184303283691e+00
2.919061183929443359e-01
-8.331903815269470215e-02
-1.530697345733642578e+00
-4.735109508037567139e-01
-1.171551108360290527e+00
5.746375769376754761e-02
-4.528819322586059570e-01
1.520351409912109375e+00
4.933972060680389404e-01
8.253042101860046387e-01
1.439967751502990723e-01
8.440604433417320251e-03
-1.519262045621871948e-01
-1.072455763816833496e+00
-7.250256091356277466e-02
1.813944697380065918e+00
1.643239855766296387e+00
