-3.563510254025459290e-02
5.451874136924743652e-01
-8.784519433975219727e-01
-4.115195572376251221e-01
7.450934052467346191e-01
-1.485067307949066162e-01
-7.681241631507873535e-01
1.291134834289550781e+00
-1.649030685424804688e+00
1.073283791542053223e+00
4.840728938579559326e-01
-3.760017454624176025e-01
4.410996139049530029e-01
2.358059644699096680e+00
1.292380809783935547e+00
-1.061662077903747559e+00
9.194347262382507324e-01
1.688978433609008789e+00
2.289206266403198242e+00
4.516299366950988770e-01
-1.874329149723052979e-01
-3.822501301765441895e-01
-8.776203989982604980e-01
1.316201984882354736e-01
-3.860870599746704102e-01
-7.762715816497802734e-01
9.620217084884643555e-01
-5.968512892723083496e-01
-8.932372331619262695e-01
1.184989690780639648e+00
-2.448727935552597046e-01
1.694357991218566895e+00
-1.283546447753906250e+00
2.744873166084289551e-01
-6.429006904363632202e-02
-1.046350240707397461e+00
2.877838611602783203e-01
5.231844186782836914e-01
3.952962160110473633e-02
3.164485394954681396e-01
-7.447812557220458984e-01
1.056580066680908203e+00
-7.220694422721862793e-02
-1.054549813270568848e+00
-7.585129737854003906e-01
-8.050019294023513794e-02
-2.490842491388320923e-01
-4.360907673835754395e-01
1.791744828224182129e-01
-1.410688161849975586e-01
-4.704917371273040771e-01
1.507705003023147583e-01
2.740282714366912842e-01
-3.178898692131042480e-01
6.009918451309204102e-01
