1.994886249303817749e-01
2.689361870288848877e-01
2.312473356723785400e-01
2.696375846862792969e-01
2.365091592073440552e-01
2.407409250736236572e-01
3.605118691921234131e-01
3.110754787921905518e-01
2.653578817844390869e-01
2.299288809299468994e-01
4.266544282436370850e-01
3.594945371150970459e-01
2.504781186580657959e-01
2.382604330778121948e-01
5.493303537368774414e-01
1.640771329402923584e-01
1.873195916414260864e-01
2.131844758987426758e-01
7.019882649183273315e-02
1.525463014841079712e-01
