-3.734063729643821716e-02
-8.455926179885864258e-02
-1.898548603057861328e-01
-1.541402786970138550e-01
7.446333765983581543e-02
-2.630744874477386475e-02
-3.700303658843040466e-02
7.029568403959274292e-02
1.255610585212707520e-01
2.892144918441772461e-01
-1.317211389541625977e-01
4.724620841443538666e-03
4.344152286648750305e-03
7.880648970603942871e-02
-2.879404276609420776e-02
-3.046138286590576172e-01
4.244726896286010742e-02
-2.565520815551280975e-02
2.240688651800155640e-01
-1.967381834983825684e-01
