5.683495998382568359e-01
-2.102780103683471680e+00
2.406487464904785156e+00
7.430816888809204102e-01
1.211811065673828125e+00
-1.372508168220520020e+00
-3.809770643711090088e-01
-9.206811189651489258e-01
-9.234971553087234497e-02
-6.872739791870117188e-01
-1.740946054458618164e+00
4.173455536365509033e-01
9.226250648498535156e-01
3.659387528896331787e-01
-8.029580116271972656e-02
-1.991977095603942871e-01
2.636991627514362335e-02
-1.342627167701721191e+00
1.204114705324172974e-01
7.218118906021118164e-01
1.096061944961547852e+00
6.144793629646301270e-01
-2.447786927223205566e-01
6.979587078094482422e-01
7.214810252189636230e-01
-1.190752625465393066e+00
-8.633242845535278320e-01
1.357801556587219238e+00
-4.727109372615814209e-01
-1.736683249473571777e-01
4.843869805335998535e-01
-2.730387747287750244e-01
1.184964179992675781e+00
-7.669077515602111816e-01
2.019747495651245117e-01
1.050841450691223145e+00
3.673190474510192871e-01
9.583061933517456055e-01
1.745892405509948730e+00
4.288220405578613281e-01
1.866798877716064453e+00
-1.552582144737243652e+00
-3.450223207473754883e-01
-7.484261691570281982e-02
8.189016580581665039e-01
-7.172200083732604980e-01
2.324461042881011963e-01
-3.987761586904525757e-02
4.682071208953857422e-01
5.563914179801940918e-01
4.996041357517242432e-01
-6.308875679969787598e-01
-6.437810063362121582e-01
-1.185780286788940430e+00
1.920738935470581055e+00
5.708611607551574707e-01
-4.033513069152832031e-01
8.983224034309387207e-01
1.981426328420639038e-01
2.848004579544067383e+00
3.625582754611968994e-01
1.683214306831359863e+00
-5.245442390441894531e-01
-1.153267860412597656e+00
5.264829397201538086e-01
4.413387179374694824e-01
-3.904941976070404053e-01
-7.590812444686889648e-01
-1.011174798011779785e+00
4.332467913627624512e-01
-3.381126224994659424e-01
-2.419591993093490601e-01
7.949902415275573730e-01
9.066606163978576660e-01
-5.977491140365600586e-01
-6.291961073875427246e-01
-8.852688074111938477e-01
-3.270450234413146973e-01
-5.592949390411376953e-01
8.777553439140319824e-01
-8.120970129966735840e-01
-1.567267812788486481e-02
-1.449045300483703613e+00
-2.880540490150451660e-01
-6.294789910316467285e-01
5.766340494155883789e-01
-1.494537591934204102e-01
-4.968973100185394287e-01
-3.821696341037750244e-01
7.155430316925048828e-01
-5.026681423187255859e-01
4.678184092044830322e-01
-4.181076586246490479e-01
1.278452634811401367e+00
1.337931990623474121e+00
-5.634254813194274902e-01
-7.977806329727172852e-01
1.115870755165815353e-02
-1.459627300500869751e-01
-3.783308565616607666e-01
9.297160059213638306e-02
2.554220438003540039e+00
8.704095147550106049e-03
-1.392084598541259766e+00
-1.652486801147460938e+00
-8.657252192497253418e-01
-6.040324568748474121e-01
-2.666799306869506836e+00
-1.734190940856933594e+00
-6.429618597030639648e-01
1.234646439552307129e+00
-2.065365791320800781e+00
4.132954776287078857e-01
6.954013109207153320e-01
4.662081599235534668e-01
-4.980722963809967041e-01
9.873406887054443359e-01
-4.160397052764892578e-01
-4.268651902675628662e-01
2.833679318428039551e-01
-6.172396540641784668e-01
-8.705853223800659180e-01
7.305622845888137817e-02
1.259009242057800293e-01
1.611120939254760742e+00
1.404891610145568848e-01
6.179199218750000000e-01
1.340659618377685547e+00
1.839998245239257812e+00
2.839669883251190186e-01
-2.566801607608795166e-01
-4.681304395198822021e-01
-5.863573551177978516e-01
7.363204956054687500e-01
6.123205423355102539e-01
-2.260661125183105469e-01
-7.776548862457275391e-01
1.277955889701843262e+00
1.502372980117797852e+00
6.044563055038452148e-01
-7.725700736045837402e-01
-3.688360452651977539e-01
1.933868408203125000e+00
-1.799778461456298828e+00
9.037492871284484863e-01
-8.119155168533325195e-01
8.054099082946777344e-01
-1.384290456771850586e+00
-3.768132030963897705e-01
1.769864797592163086e+00
-1.592341780662536621e+00
-1.048436284065246582e+00
-6.276774406433105469e-01
9.765537977218627930e-01
-4.196205139160156250e-01
1.382317066192626953e+00
-1.415194272994995117e+00
-1.361188888549804688e+00
-1.026488900184631348e+00
-3.097264766693115234e-01
-1.358470916748046875e-01
-7.134765982627868652e-01
6.447820663452148438e-01
1.247025355696678162e-01
-8.768041729927062988e-01
-3.938797116279602051e-01
6.347829103469848633e-02
-1.076781302690505981e-01
7.834034040570259094e-03
-2.654407322406768799e-01
-8.043128252029418945e-01
1.510810405015945435e-01
1.321487594395875931e-02
7.269698381423950195e-01
-3.620169162750244141e-01
-8.114843368530273438e-01
-1.761095046997070312e+00
1.049702644348144531e+00
4.448386281728744507e-02
-1.960422396659851074e+00
2.177755355834960938e+00
1.147769212722778320e+00
1.342871785163879395e+00
-2.978596687316894531e-01
