1.515162944793701172e+00
4.395688772201538086e-01
8.558244258165359497e-02
5.776842236518859863e-01
1.092375516891479492e+00
-4.503066837787628174e-01
5.848832726478576660e-01
5.753656029701232910e-01
3.539663553237915039e-01
-1.248876094818115234e+00
-4.113965332508087158e-01
1.240779995918273926e+00
-4.950053393840789795e-01
-9.293496608734130859e-01
-2.657461404800415039e+00
-1.094756364822387695e+00
2.889954745769500732e-01
-1.073227286338806152e+00
-4.851167201995849609e-01
-2.588220238685607910e-01
-4.448931813240051270e-01
8.542280197143554688e-01
3.242172300815582275e-01
7.358640432357788086e-01
1.421556711196899414e+00
8.011509776115417480e-01
9.087571501731872559e-01
-6.915556788444519043e-01
8.458585143089294434e-01
1.368462204933166504e+00
-9.550628662109375000e-01
-9.977675676345825195e-01
-4.994989633560180664e-01
1.271264851093292236e-01
-1.169365286827087402e+00
-5.868098139762878418e-01
-1.120946168899536133e+00
