2.363978326320648193e-01
2.418762296438217163e-01
1.892615705728530884e-01
2.176132947206497192e-01
2.342631667852401733e-01
2.158301025629043579e-01
-1.967764049768447876e-01
2.032141089439392090e-01
-2.379887998104095459e-01
-2.008718550205230713e-01
-2.060708701610565186e-01
2.449469715356826782e-01
-1.962407529354095459e-01
2.243495285511016846e-01
-6.283483654260635376e-02
2.123994976282119751e-01
2.684529721736907959e-01
2.967196144163608551e-02
2.159253656864166260e-01
2.338108569383621216e-01
