1.707361340522766113e-01
2.257792353630065918e-01
3.560392558574676514e-01
2.995257675647735596e-01
-2.495713829994201660e-01
-2.795222103595733643e-01
2.485657483339309692e-01
3.145343065261840820e-01
1.668986529111862183e-01
-3.313739597797393799e-01
8.978832513093948364e-02
-7.790409028530120850e-02
-1.133861616253852844e-01
1.224016621708869934e-01
3.313508033752441406e-01
2.779130637645721436e-01
3.357359468936920166e-01
1.618988662958145142e-01
-2.480347156524658203e-01
1.926971524953842163e-01
