-1.430815551429986954e-03
-4.297287762165069580e-01
1.717090249061584473e+00
-4.103370904922485352e-01
9.231928586959838867e-01
-2.976917326450347900e-01
3.561737835407257080e-01
1.599902272224426270e+00
-1.092942431569099426e-01
1.288984179496765137e+00
8.925206661224365234e-01
8.973222225904464722e-03
-2.507528364658355713e-01
-2.409190535545349121e-01
1.049415588378906250e+00
2.499039769172668457e-01
-2.585484683513641357e-01
1.258588314056396484e+00
1.144459545612335205e-01
-1.621943563222885132e-01
-4.646926820278167725e-01
-3.666286468505859375e-01
-7.804954051971435547e-01
1.092024683952331543e+00
8.749133348464965820e-01
1.560451865196228027e+00
-8.906168937683105469e-01
-5.643439292907714844e-01
-1.301107883453369141e+00
1.209736108779907227e+00
8.765082359313964844e-01
1.870865076780319214e-01
-1.581822872161865234e+00
9.893907904624938965e-01
1.113581895828247070e+00
1.539284825325012207e+00
-1.982667446136474609e+00
-7.121221721172332764e-02
-6.310986876487731934e-01
1.045900821685791016e+00
9.517683386802673340e-01
1.237881779670715332e+00
-5.381285548210144043e-01
-1.514886319637298584e-01
-2.320634841918945312e+00
-1.330801725387573242e+00
-5.108338594436645508e-01
-9.293771982192993164e-01
7.449424862861633301e-01
4.080857336521148682e-01
-6.224085092544555664e-01
5.131829380989074707e-01
2.272096633911132812e+00
4.795874357223510742e-01
2.846055924892425537e-01
