-2.383607327938079834e-01
-1.647697240114212036e-01
7.575962692499160767e-02
7.982671260833740234e-02
4.876717627048492432e-01
1.741258949041366577e-01
-7.067701965570449829e-02
1.374011337757110596e-01
4.191247224807739258e-01
-2.889088913798332214e-02
9.216936677694320679e-02
3.829285735264420509e-03
-5.006430298089981079e-02
8.861738257110118866e-03
2.340466529130935669e-01
1.910661160945892334e-01
-5.425099655985832214e-02
3.369228839874267578e-01
1.926921680569648743e-02
2.906835973262786865e-01
