2.258829176425933838e-01
2.231473028659820557e-01
2.480082213878631592e-01
2.948358654975891113e-01
1.784237772226333618e-01
2.428270429372787476e-01
3.431554138660430908e-01
2.063740491867065430e-01
2.026747912168502808e-01
4.730397164821624756e-01
1.801995337009429932e-01
1.834619492292404175e-01
2.613173127174377441e-01
2.468701004981994629e-01
2.235103994607925415e-01
1.491873413324356079e-01
6.034222245216369629e-01
2.325218319892883301e-01
4.605020955204963684e-02
6.902222633361816406e-01
