-7.843264937400817871e-01
3.809161856770515442e-02
-1.888537883758544922e+00
-1.913155466318130493e-01
8.196718096733093262e-01
-8.107843399047851562e-01
7.519760131835937500e-01
6.135728955268859863e-01
3.002725541591644287e-01
1.357790678739547729e-01
6.209211945533752441e-01
-9.408965706825256348e-01
3.025137186050415039e-01
-4.723245650529861450e-02
-4.117751121520996094e-01
2.032842636108398438e+00
7.307635545730590820e-01
-8.662286400794982910e-01
-7.991729974746704102e-01
-1.014247179031372070e+00
-3.210379183292388916e-01
-1.394696533679962158e-01
-2.525601863861083984e+00
4.865966439247131348e-01
3.885558843612670898e-01
3.653001487255096436e-01
-1.206997688859701157e-02
-1.988752722740173340e+00
4.211671948432922363e-01
-7.056971788406372070e-01
4.428350627422332764e-01
1.082937121391296387e+00
5.638548731803894043e-01
2.900858521461486816e-01
-7.030073553323745728e-02
7.049648165702819824e-01
-3.154415264725685120e-02
-3.086385130882263184e-01
-7.549437284469604492e-01
3.498820066452026367e-01
7.788842916488647461e-01
-3.916298747062683105e-01
6.239606142044067383e-01
-5.529278516769409180e-01
-3.651769757270812988e-01
9.493241310119628906e-01
-1.528469324111938477e+00
-3.794580698013305664e-02
-7.583960890769958496e-01
2.832300215959548950e-02
9.449627995491027832e-01
6.060003042221069336e-01
1.493849158287048340e+00
-2.019303590059280396e-01
-5.283151865005493164e-01
1.166555047035217285e+00
1.364905953407287598e+00
-1.040807366371154785e+00
2.251573324203491211e+00
-4.121648669242858887e-01
1.895147919654846191e+00
3.425140976905822754e-01
7.227081656455993652e-01
-2.882383465766906738e-01
-1.331074595451354980e+00
-4.332436323165893555e-01
2.206235229969024658e-01
1.545334011316299438e-01
8.012044429779052734e-01
-5.845705270767211914e-01
7.965167164802551270e-01
5.091009736061096191e-01
1.051533222198486328e+00
-6.064082384109497070e-01
-9.125763773918151855e-01
-9.362597763538360596e-02
-1.552625417709350586e+00
5.712288618087768555e-01
-1.340539932250976562e+00
-1.303246498107910156e+00
2.148693241178989410e-02
7.345660924911499023e-01
-6.676746010780334473e-01
2.178357392549514771e-01
1.436909317970275879e+00
1.143396347761154175e-01
2.046720027923583984e+00
-1.419021725654602051e+00
-2.013362012803554535e-02
4.419887661933898926e-01
-1.299523472785949707e+00
-3.033715188503265381e-01
5.828180909156799316e-02
-1.134269714355468750e+00
-8.204160332679748535e-01
3.844093382358551025e-01
-8.652561306953430176e-01
-3.329924345016479492e+00
-2.312300056219100952e-01
6.111938953399658203e-01
-3.368776664137840271e-02
-1.222410082817077637e+00
-4.947810247540473938e-02
-1.182849526405334473e+00
-4.689226746559143066e-01
-5.136659741401672363e-01
2.296526283025741577e-01
-4.109837710857391357e-01
1.531294345855712891e+00
3.332186043262481689e-01
5.915915369987487793e-01
1.212468892335891724e-01
-1.240749120712280273e+00
-2.092325687408447266e-01
-7.395420074462890625e-01
-1.398982048034667969e+00
1.947181820869445801e+00
1.164382100105285645e+00
-6.321750879287719727e-01
1.505998492240905762e+00
5.766838192939758301e-01
1.998682141304016113e+00
3.604664564132690430e+00
4.086480140686035156e-01
-3.810706138610839844e-01
1.432458013296127319e-01
-1.121349334716796875e+00
-1.247138857841491699e+00
5.922656655311584473e-01
-5.517167448997497559e-01
-1.046046853065490723e+00
-1.800869591534137726e-02
3.377753198146820068e-01
-1.487280249595642090e+00
1.704170465469360352e+00
5.160349607467651367e-01
3.085981011390686035e-01
-1.177591979503631592e-01
1.054592490196228027e+00
-9.596720933914184570e-01
-5.637973174452781677e-02
8.896090984344482422e-01
-8.609338402748107910e-01
1.120641708374023438e+00
-5.173062682151794434e-01
-1.481267452239990234e+00
-9.329860210418701172e-01
2.144024372100830078e+00
1.793310284614562988e+00
3.622874915599822998e-01
-2.877911627292633057e-01
1.603082299232482910e+00
1.993432343006134033e-01
6.903240680694580078e-01
-2.468131333589553833e-01
-1.366107702255249023e+00
-1.340889811515808105e+00
-5.209436416625976562e-01
1.101862072944641113e+00
-6.636551022529602051e-01
-2.622830271720886230e-01
-9.984075278043746948e-02
8.000139594078063965e-01
1.367430806159973145e+00
9.932420253753662109e-01
5.742126703262329102e-02
-2.614401280879974365e-01
-3.090837299823760986e-01
-7.948676943778991699e-01
-1.160172969102859497e-01
6.944251656532287598e-01
-2.594498693943023682e-01
-2.371759414672851562e+00
-5.579535290598869324e-02
1.457626104354858398e+00
7.029534578323364258e-01
-3.135795295238494873e-01
1.257812976837158203e+00
-1.707275658845901489e-01
1.683332920074462891e+00
1.289327591657638550e-01
-7.006793469190597534e-02
1.253359913825988770e+00
-1.362375736236572266e+00
