-1.502085030078887939e-01
1.174336671829223633e-01
1.434258073568344116e-01
-1.418658196926116943e-01
6.329503655433654785e-02
1.622015684843063354e-01
-1.267970353364944458e-01
1.419199854135513306e-01
-1.724293678998947144e-01
1.729922890663146973e-01
1.523286551237106323e-01
1.910584419965744019e-01
2.683265507221221924e-01
1.626904755830764771e-01
8.046925067901611328e-02
1.735601872205734253e-01
-3.648493438959121704e-02
2.278166264295578003e-01
1.608282923698425293e-01
1.468848437070846558e-01
