-1.269725084304809570e+00
-1.918230533599853516e+00
-3.964389562606811523e-01
4.372350275516510010e-01
-1.086825132369995117e+00
-8.643753528594970703e-01
9.863171577453613281e-01
-4.899210929870605469e-01
1.731436252593994141e+00
1.131109833717346191e+00
-1.275465607643127441e+00
1.100593805313110352e-01
-3.603954911231994629e-01
-1.016679763793945312e+00
1.223608970642089844e+00
2.452788054943084717e-01
2.464215457439422607e-01
4.567849934101104736e-01
-1.480497717857360840e+00
1.581061601638793945e+00
1.072734832763671875e+00
3.377168178558349609e-01
2.787870168685913086e-01
3.778226673603057861e-01
8.610351681709289551e-01
8.525907397270202637e-01
1.066993713378906250e+00
-4.060183465480804443e-01
6.934219002723693848e-01
-8.721113801002502441e-01
1.025396108627319336e+00
2.554277181625366211e-01
-1.072411179542541504e+00
1.060213685035705566e+00
1.127526044845581055e+00
-4.803343117237091064e-01
7.186825871467590332e-01
