1.243130639195442200e-01
4.456777125597000122e-02
-2.124233245849609375e-01
2.139527648687362671e-01
3.546253219246864319e-02
1.461042016744613647e-01
-2.512869834899902344e-01
-7.905624061822891235e-02
-1.364008784294128418e-01
3.208468854427337646e-01
2.593839168548583984e-01
3.563734292984008789e-01
-2.413394451141357422e-01
2.311902865767478943e-02
2.870560884475708008e-01
2.763934433460235596e-01
2.465829253196716309e-01
1.323426961898803711e-01
2.986305058002471924e-01
-2.549750804901123047e-01
