-2.590539455413818359e-01
1.676856279373168945e+00
3.731419146060943604e-01
1.098315715789794922e+00
-2.909767329692840576e-01
9.873563647270202637e-01
1.154372811317443848e+00
-9.889227747917175293e-01
-1.965049982070922852e+00
-1.902564316987991333e-01
1.656234562397003174e-01
-1.075788736343383789e+00
-1.915915727615356445e+00
6.482213735580444336e-01
-1.296205073595046997e-01
-6.957730650901794434e-01
1.546894073486328125e+00
1.956058740615844727e+00
1.436128258705139160e+00
1.271426558494567871e+00
2.285098791122436523e+00
4.897279739379882812e-01
-1.653290867805480957e+00
1.246565431356430054e-01
3.360681831836700439e-01
1.268837094306945801e+00
-8.694907301105558872e-04
2.063579320907592773e+00
-1.236652374267578125e+00
-6.408714652061462402e-01
-4.377123713493347168e-01
-8.818813562393188477e-01
-9.194421768188476562e-01
9.180881381034851074e-01
-6.635497212409973145e-01
3.814541101455688477e-01
1.509113311767578125e+00
-6.164146661758422852e-01
-9.415715336799621582e-01
-1.352519035339355469e+00
-1.540103554725646973e+00
-3.801822364330291748e-01
4.809131622314453125e-01
9.597594141960144043e-01
4.578830897808074951e-01
-1.436296224594116211e+00
1.069175243377685547e+00
1.716038227081298828e+00
9.188833832740783691e-01
-8.724083304405212402e-01
1.213389821350574493e-02
-1.886308550834655762e+00
-1.222039699554443359e+00
5.004222393035888672e-01
-8.197428584098815918e-01
