6.366709470748901367e-01
-1.924409985542297363e+00
-9.094678163528442383e-01
-4.079262912273406982e-01
-1.536144971847534180e+00
2.107760757207870483e-01
6.226473450660705566e-01
-4.116422235965728760e-01
-3.043967857956886292e-02
-8.565853238105773926e-01
1.158825382590293884e-01
-7.206746190786361694e-02
-5.303621888160705566e-01
4.886925220489501953e-01
2.588067770004272461e+00
3.953359425067901611e-01
-1.090685844421386719e+00
-6.885376572608947754e-02
-3.272087872028350830e-01
6.764734387397766113e-01
8.606693744659423828e-01
-2.234756201505661011e-01
2.016984462738037109e+00
2.622077763080596924e-01
1.416710257530212402e+00
-1.145363569259643555e+00
6.650819182395935059e-01
-3.017082214355468750e+00
-9.714959263801574707e-01
-4.239808917045593262e-01
2.690156400203704834e-01
1.755371093750000000e+00
5.172557830810546875e-01
-2.096522569656372070e+00
5.982643365859985352e-01
-8.633806556463241577e-02
5.868086814880371094e-01
-3.294305503368377686e-01
3.819519877433776855e-01
6.310181617736816406e-01
-3.988361358642578125e-01
-1.325043886899948120e-01
1.391749024391174316e+00
-2.512290328741073608e-02
-2.185364246368408203e+00
6.311805844306945801e-01
8.174300193786621094e-02
1.034565210342407227e+00
1.873136401176452637e+00
-1.244788408279418945e+00
6.445645689964294434e-01
-7.289608120918273926e-01
9.495384693145751953e-01
-2.512035369873046875e+00
3.872027695178985596e-01
