-4.877805709838867188e-01
-6.849486231803894043e-01
-1.848295778036117554e-01
-5.247526168823242188e-01
4.723646640777587891e-01
8.322328329086303711e-02
-8.513694405555725098e-01
-8.945340514183044434e-01
-1.346709847450256348e+00
1.129595518112182617e+00
7.113636732101440430e-01
1.225489258766174316e+00
-1.328010082244873047e+00
5.051443576812744141e-01
-1.482234954833984375e+00
-1.028470516204833984e+00
-8.103623390197753906e-01
-3.595890104770660400e-01
1.644548475742340088e-01
4.545014500617980957e-01
1.577468514442443848e+00
-1.679212450981140137e+00
1.812364697456359863e+00
-8.255812525749206543e-01
7.722271680831909180e-01
-5.677390098571777344e-01
4.992982149124145508e-01
-8.258517384529113770e-01
-1.257615089416503906e+00
6.740232706069946289e-01
-7.360202670097351074e-01
-1.307695865631103516e+00
1.120329618453979492e+00
2.027973413467407227e+00
2.103796482086181641e+00
-1.070231676101684570e+00
-2.108479738235473633e-01
2.687711417675018311e-01
-6.779925227165222168e-01
3.344550356268882751e-02
9.842473268508911133e-01
1.294248402118682861e-01
-9.390922188758850098e-01
2.498404264450073242e+00
-5.903933048248291016e-01
-1.108300089836120605e+00
-1.335455894470214844e+00
1.750257849693298340e+00
1.177604675292968750e+00
3.062108755111694336e-01
-8.769995570182800293e-01
-1.149950504302978516e+00
-4.094226658344268799e-01
-2.412128746509552002e-01
6.714974641799926758e-01
