1.569588333368301392e-01
7.354965806007385254e-02
3.513235971331596375e-02
5.298582315444946289e-01
1.164430752396583557e-01
3.246540129184722900e-01
2.811410725116729736e-01
1.032579094171524048e-01
1.837374716997146606e-01
1.501028686761856079e-01
1.639974564313888550e-01
8.740994334220886230e-02
1.431979089975357056e-01
1.408198326826095581e-01
3.162394165992736816e-01
2.380757927894592285e-01
2.951240241527557373e-01
2.787256836891174316e-01
1.639604121446609497e-01
5.178993344306945801e-01
