-5.868071317672729492e-02
-3.134526908397674561e-01
-1.126577034592628479e-01
1.766002923250198364e-01
7.358503341674804688e-02
-2.568683587014675140e-02
-2.134572342038154602e-02
7.731619477272033691e-02
6.060107052326202393e-02
4.515315964818000793e-02
1.735853999853134155e-01
-1.102721691131591797e-01
-1.690554916858673096e-01
3.383427113294601440e-02
9.470664896070957184e-03
-1.533547192811965942e-01
-1.180859133601188660e-01
-1.610701829195022583e-01
-9.706725366413593292e-03
1.432598829269409180e-01
