-6.485622525215148926e-01
1.574319958686828613e+00
-1.612183690071105957e+00
-3.691480159759521484e-01
1.185605674982070923e-01
1.386468768119812012e+00
3.816901743412017822e-01
-6.400475502014160156e-01
-7.228409647941589355e-01
6.562553048133850098e-01
-1.281491041183471680e+00
-1.256984591484069824e+00
-4.510097801685333252e-01
-6.584327816963195801e-01
2.110492996871471405e-02
1.618641972541809082e+00
-3.544617295265197754e-01
-5.329274535179138184e-01
-1.222709417343139648e+00
-1.358637690544128418e+00
-3.368634283542633057e-01
-8.202326893806457520e-01
1.385631084442138672e+00
3.621775209903717041e-01
3.374365866184234619e-01
5.272899270057678223e-01
-1.445340037345886230e+00
9.539604187011718750e-01
-9.411073923110961914e-01
-6.068806052207946777e-01
-1.062430858612060547e+00
1.586955040693283081e-01
1.446345329284667969e+00
1.674386858940124512e-01
-5.595461726188659668e-01
7.606536746025085449e-01
-3.168358504772186279e-01
2.704479694366455078e+00
-1.799460034817457199e-03
-7.024760842323303223e-01
-1.201143115758895874e-01
1.282857775688171387e+00
-2.990026473999023438e+00
-8.355133980512619019e-02
-3.247787356376647949e-01
-1.084300041198730469e+00
1.954001069068908691e+00
2.334909439086914062e-01
1.996049135923385620e-01
6.587072610855102539e-01
1.570937514305114746e+00
-7.191410064697265625e-01
-5.743407607078552246e-01
3.426865935325622559e-01
8.193979263305664062e-01
2.483236044645309448e-01
-3.857112526893615723e-01
-9.480193257331848145e-01
-1.146509408950805664e+00
2.171729326248168945e+00
-9.468789100646972656e-01
1.389121174812316895e+00
-1.140453696250915527e+00
-1.407211542129516602e+00
-8.738894760608673096e-02
-5.074902772903442383e-01
5.903481245040893555e-01
-1.182217955589294434e+00
2.093563079833984375e+00
1.421649932861328125e+00
6.561146378517150879e-01
2.209966659545898438e+00
1.231643438339233398e+00
1.031572461128234863e+00
1.178041100502014160e+00
1.318698048591613770e+00
2.063228607177734375e+00
4.316174983978271484e-01
3.692366123199462891e+00
2.294944673776626587e-01
6.549850702285766602e-01
-1.649195551872253418e+00
-3.825487494468688965e-01
2.283138930797576904e-01
-3.733675479888916016e-01
2.003374099731445312e+00
-1.680154353380203247e-01
-9.822835922241210938e-01
-1.131605133414268494e-01
2.155885249376296997e-01
1.053376436233520508e+00
2.443749606609344482e-01
-1.292373418807983398e+00
1.169975757598876953e+00
-1.082904815673828125e+00
2.409354925155639648e+00
-1.837259382009506226e-01
-2.901043184101581573e-02
-4.909850060939788818e-01
-9.190613627433776855e-01
-1.365844756364822388e-01
-8.176851868629455566e-01
-7.909256815910339355e-01
1.110032014548778534e-02
-3.228556513786315918e-01
-5.346833467483520508e-01
-5.203298926353454590e-01
2.223976135253906250e+00
8.812541365623474121e-01
2.119664192199707031e+00
-1.094803333282470703e+00
-4.575668573379516602e-01
-4.233106672763824463e-01
5.624263882637023926e-01
-1.546083331108093262e+00
-1.212847828865051270e+00
5.758470296859741211e-01
-7.356547713279724121e-01
4.318053424358367920e-01
-1.380717992782592773e+00
1.381923198699951172e+00
-1.337028741836547852e+00
-1.218991056084632874e-01
2.050985097885131836e+00
-1.706695318222045898e+00
8.484045863151550293e-01
7.323551177978515625e-01
-5.746981501579284668e-01
1.015636920928955078e+00
1.522770047187805176e+00
-4.041720628738403320e-01
6.726593971252441406e-01
3.774473965167999268e-01
9.524906873703002930e-01
-2.700648903846740723e-01
8.768625259399414062e-01
7.178869247436523438e-01
1.624831318855285645e+00
-1.477415442466735840e+00
-9.068614840507507324e-01
-1.309979438781738281e+00
-3.865325450897216797e-01
1.416842460632324219e+00
-2.147191762924194336e+00
-1.177550077438354492e+00
-1.195211052894592285e+00
4.756565392017364502e-01
-1.101413965225219727e+00
-1.907186150550842285e+00
1.123703002929687500e+00
-4.335213601589202881e-01
6.528887152671813965e-02
-4.663234353065490723e-01
-1.965298771858215332e+00
