2.026009708642959595e-01
8.465382456779479980e-02
2.079092413187026978e-01
1.132917553186416626e-01
-1.137518361210823059e-01
1.131864711642265320e-01
-2.281795293092727661e-01
-7.378416508436203003e-02
1.082695946097373962e-01
-1.399419307708740234e-01
1.372832059860229492e-01
1.833392828702926636e-01
1.975679099559783936e-01
-1.438469886779785156e-01
2.127960026264190674e-01
2.573038935661315918e-01
1.886980682611465454e-01
7.779321074485778809e-02
2.668232917785644531e-01
-1.351071298122406006e-01
