-8.747058510780334473e-01
-1.641583085060119629e+00
-1.215623691678047180e-01
5.255730748176574707e-01
-1.868964791297912598e+00
-2.300956964492797852e+00
-6.994887590408325195e-01
3.529522418975830078e-01
-1.271756291389465332e+00
-2.005383729934692383e+00
1.249065876007080078e+00
-3.775793790817260742e+00
1.177168965339660645e+00
1.850383162498474121e+00
1.459223031997680664e+00
4.228209555149078369e-01
1.425776481628417969e+00
1.202030420303344727e+00
-9.710655212402343750e-01
-1.524905323982238770e+00
2.893691360950469971e-01
6.479168534278869629e-01
-1.524163246154785156e+00
-1.319416284561157227e+00
2.047701358795166016e+00
-1.587626338005065918e+00
-1.912258386611938477e+00
-1.758631706237792969e+00
-1.281634688377380371e+00
1.147079348564147949e+00
-1.581541776657104492e+00
-1.959653377532958984e+00
-1.377576231956481934e+00
1.853318065404891968e-01
-4.607653536368161440e-04
-3.241488337516784668e-01
4.881265759468078613e-01
