-1.644320189952850342e-01
1.435719281435012817e-01
9.002396464347839355e-02
1.735096573829650879e-01
1.997838169336318970e-01
4.083293080329895020e-01
-1.358443349599838257e-01
-2.172180712223052979e-01
-5.289845466613769531e-01
-3.856237530708312988e-01
-1.586941927671432495e-01
3.818481042981147766e-02
1.415653824806213379e-01
7.326409965753555298e-02
3.206655383110046387e-01
-5.220968723297119141e-01
-2.455476075410842896e-01
-3.243086338043212891e-01
4.237771928310394287e-01
1.074364408850669861e-01
