2.411925941705703735e-01
-1.122364401817321777e+00
2.676951169967651367e+00
-1.148665547370910645e+00
-1.576765060424804688e+00
2.464072257280349731e-01
-3.191492334008216858e-02
8.881349563598632812e-01
-1.513265490531921387e+00
7.923359870910644531e-01
-1.030772566795349121e+00
-1.057297945022583008e+00
9.099714756011962891e-01
7.557321786880493164e-01
1.369169831275939941e+00
3.057836890220642090e-01
-9.811310768127441406e-01
1.298484802246093750e+00
1.442523121833801270e+00
-1.589235424995422363e+00
8.073752522468566895e-01
1.235136747360229492e+00
3.119390010833740234e-01
1.365204215049743652e+00
8.265590667724609375e-01
-9.193984419107437134e-02
-3.737111389636993408e-01
-3.092006742954254150e-01
1.647382020950317383e+00
-4.129662811756134033e-01
-3.051528632640838623e-01
-2.939960956573486328e+00
-9.773746132850646973e-01
1.825140833854675293e+00
1.068610787391662598e+00
2.957850456237792969e+00
5.137530565261840820e-01
-8.034195899963378906e-01
7.447975873947143555e-01
1.169027447700500488e+00
3.399271517992019653e-02
4.260053038597106934e-01
-5.464233756065368652e-01
-1.186069846153259277e+00
5.868470072746276855e-01
2.070247411727905273e+00
9.568964838981628418e-01
-6.926495432853698730e-01
2.905034303665161133e+00
-1.789939045906066895e+00
-2.031809091567993164e+00
2.270302474498748779e-01
-2.018525600433349609e-01
1.100244641304016113e+00
2.519309520721435547e+00
