-9.202138334512710571e-02
5.600903928279876709e-02
-1.875194311141967773e-01
-1.915793269872665405e-01
-2.035637646913528442e-01
-8.069593459367752075e-02
-1.171542331576347351e-01
3.459179401397705078e-01
4.789665341377258301e-02
-1.697446405887603760e-01
-2.436596602201461792e-01
5.494877696037292480e-02
1.746819466352462769e-01
-1.073174849152565002e-01
1.266731619834899902e-01
-9.592073410749435425e-02
2.077708095312118530e-01
2.829335927963256836e-01
-6.334029138088226318e-02
-1.541098356246948242e-01
