1.615581959486007690e-01
1.602776944637298584e-01
1.806346029043197632e-01
2.965300083160400391e-01
2.083607167005538940e-01
1.131295785307884216e-01
1.975614130496978760e-01
2.534984052181243896e-01
1.937859505414962769e-01
1.699506342411041260e-01
1.584382802248001099e-01
1.368754953145980835e-01
2.835063636302947998e-01
1.883214712142944336e-01
1.832499951124191284e-01
2.950135767459869385e-01
3.028860986232757568e-01
5.953536033630371094e-01
3.197487890720367432e-01
-9.434842318296432495e-02
