7.434263229370117188e-01
-6.316949725151062012e-01
-4.202647805213928223e-01
-1.432196021080017090e+00
-7.519627809524536133e-01
6.469051241874694824e-01
-1.304704427719116211e+00
-9.017293453216552734e-01
-8.785068243741989136e-02
-6.764709353446960449e-01
-5.335258841514587402e-01
2.562438845634460449e-01
-1.642475128173828125e+00
-7.923663258552551270e-01
-1.100406765937805176e+00
1.706926703453063965e+00
-4.924117028713226318e-01
4.696925282478332520e-01
1.131899118423461914e+00
-5.088717937469482422e-01
-3.400591909885406494e-01
-1.791967272758483887e+00
9.335246086120605469e-01
3.241143524646759033e-01
-1.402551412582397461e+00
9.887251257896423340e-01
-3.943108916282653809e-01
5.762813687324523926e-01
-2.111196279525756836e+00
1.216993015259504318e-02
9.828767925500869751e-02
1.176455974578857422e+00
-9.842313528060913086e-01
-6.607429385185241699e-01
-3.940925896167755127e-01
8.127986788749694824e-01
2.232369780540466309e-01
-1.032979488372802734e+00
2.159122705459594727e+00
1.239443048834800720e-01
1.600558400154113770e+00
1.575127005577087402e+00
3.358240723609924316e-01
4.089359343051910400e-01
1.426240652799606323e-01
6.307043135166168213e-02
1.125462055206298828e+00
-5.740484595298767090e-01
-4.738385081291198730e-01
-1.235859751701354980e+00
-3.650848567485809326e-01
-1.093276500701904297e+00
-6.581122875213623047e-01
4.454063475131988525e-01
-1.366152167320251465e+00
1.484021067619323730e+00
9.835172295570373535e-01
-4.135461449623107910e-01
-1.693714380264282227e+00
-3.460796177387237549e-01
-2.139484286308288574e-01
1.591642022132873535e+00
-1.903867423534393311e-01
-2.305491566658020020e-01
-6.610032916069030762e-01
-9.432950019836425781e-01
-3.124797642230987549e-01
8.801186084747314453e-02
-5.026656389236450195e-02
9.219108521938323975e-02
-1.905628442764282227e+00
-1.301773041486740112e-01
7.786958813667297363e-01
3.247193098068237305e-01
-2.586078405380249023e+00
7.068298459053039551e-01
1.401188254356384277e+00
-2.281447201967239380e-01
5.182345509529113770e-01
5.676874425262212753e-03
-3.726346492767333984e-01
-6.405491828918457031e-01
4.158947765827178955e-01
3.363658785820007324e-01
-1.566922545433044434e+00
3.762717247009277344e-01
1.686701774597167969e+00
-4.923718869686126709e-01
6.316273808479309082e-01
-2.225410461425781250e+00
-1.255644917488098145e+00
1.136370420455932617e+00
-2.312255352735519409e-01
8.176022022962570190e-02
1.900829225778579712e-01
-1.066855430603027344e+00
-1.154534697532653809e+00
6.083551645278930664e-01
-5.006049275398254395e-01
6.225366592407226562e-01
2.673228383064270020e-01
1.275865793228149414e+00
3.272432982921600342e-01
1.827779710292816162e-01
-9.071462154388427734e-01
-9.190453290939331055e-01
-1.114818640053272247e-02
1.431428551673889160e+00
1.232649445533752441e+00
2.333832830190658569e-01
-5.281919836997985840e-01
1.207108259201049805e+00
-2.988739013671875000e-01
7.689847946166992188e-01
3.749679774045944214e-02
-1.352820247411727905e-01
-6.070774793624877930e-01
4.174203276634216309e-01
9.777418971061706543e-01
-1.727703958749771118e-01
4.384377300739288330e-01
1.093412756919860840e+00
7.760117650032043457e-01
6.270070672035217285e-01
7.071928977966308594e-01
1.237969160079956055e+00
-4.566107392311096191e-01
1.920189708471298218e-01
4.683057367801666260e-01
-1.040432453155517578e+00
-9.036146998405456543e-01
1.999034643173217773e+00
-1.459855318069458008e+00
-9.232576936483383179e-02
4.188408851623535156e-01
1.554016619920730591e-01
1.036235570907592773e+00
1.367366552352905273e+00
-5.605607032775878906e-01
1.609171181917190552e-01
-1.245939493179321289e+00
9.030245542526245117e-01
-9.893645048141479492e-01
1.730854064226150513e-01
1.549134999513626099e-01
9.642009735107421875e-01
1.546747207641601562e+00
5.831355452537536621e-01
-7.907534837722778320e-01
4.822019040584564209e-01
4.131565093994140625e-01
-1.669555306434631348e-01
-1.395464390516281128e-01
-7.850941419601440430e-01
