-1.531698584556579590e+00
7.262191176414489746e-01
2.353345304727554321e-01
-5.683136582374572754e-01
3.329136371612548828e-01
-1.016246557235717773e+00
5.970809459686279297e-01
4.219951033592224121e-01
-1.127225518226623535e+00
-1.710773944854736328e+00
1.764299273490905762e+00
1.620560526847839355e+00
5.186181664466857910e-01
-1.448258399963378906e+00
6.525983214378356934e-01
-6.859422922134399414e-01
-2.249821275472640991e-01
-8.283166885375976562e-01
1.642865687608718872e-01
-2.077295303344726562e+00
-9.206832051277160645e-01
1.078159809112548828e+00
1.425048470497131348e+00
-1.967373967170715332e+00
8.574367165565490723e-01
-1.981173396110534668e+00
-1.482900381088256836e+00
3.555553436279296875e+00
-1.326435446739196777e+00
-1.594536542892456055e+00
-2.209482431411743164e+00
6.143161058425903320e-01
-1.272520422935485840e+00
1.701805353164672852e+00
1.210178732872009277e+00
5.122988820075988770e-01
1.710890531539916992e+00
