-1.527007967233657837e-01
-1.366285681724548340e-01
-1.160874888300895691e-01
-8.127617090940475464e-02
-8.694080263376235962e-02
-8.830779790878295898e-02
-8.144504576921463013e-02
1.036493182182312012e-01
9.013146907091140747e-02
-7.800813019275665283e-02
5.910393595695495605e-02
6.777771562337875366e-02
-1.465211212635040283e-01
1.893858164548873901e-01
3.450501859188079834e-01
7.588840276002883911e-02
5.730718001723289490e-02
-1.015647873282432556e-01
7.530062198638916016e-01
3.432696461677551270e-01
