2.037523984909057617e-01
1.024905145168304443e-01
-5.605823993682861328e-01
8.786355704069137573e-02
1.910524815320968628e-01
-2.227795720100402832e-01
-2.403095215559005737e-01
-1.458036005496978760e-01
2.686333283782005310e-02
1.826095730066299438e-01
1.439437866210937500e-01
9.326966106891632080e-02
2.286775410175323486e-02
2.175600975751876831e-01
1.365701109170913696e-01
-1.484013944864273071e-01
1.504289805889129639e-01
-1.438891701400279999e-02
1.354569345712661743e-01
2.320992052555084229e-01
