1.653963625431060791e-01
1.437811106443405151e-01
1.862894445657730103e-01
1.649177074432373047e-01
3.133732974529266357e-01
1.260819733142852783e-01
1.732891499996185303e-01
2.055017501115798950e-01
1.820753067731857300e-01
9.529995918273925781e-02
6.166907027363777161e-02
2.377713024616241455e-01
6.776927113533020020e-01
3.271698951721191406e-01
3.313314616680145264e-01
2.869172692298889160e-01
1.074971333146095276e-01
2.799668908119201660e-01
3.375842571258544922e-01
4.414919763803482056e-02
