-1.471644401550292969e+00
1.472473621368408203e+00
-4.403221309185028076e-01
1.178173542022705078e+00
-8.866925239562988281e-01
-1.493003368377685547e-01
-1.323527544736862183e-01
-2.315497696399688721e-01
1.786599636077880859e+00
-1.023138836026191711e-01
-1.615246772766113281e+00
-1.088288798928260803e-02
6.052129864692687988e-01
2.842807769775390625e-01
2.035622835159301758e+00
-1.197313308715820312e+00
1.588637351989746094e+00
4.751038849353790283e-01
5.807480216026306152e-01
-2.206510156393051147e-01
7.067936658859252930e-01
-1.697232842445373535e+00
8.420094251632690430e-01
1.879415273666381836e+00
7.241247892379760742e-01
1.025961518287658691e+00
4.817146360874176025e-01
5.866172909736633301e-01
1.249092936515808105e+00
-1.068574905395507812e+00
-5.951240062713623047e-01
4.008015096187591553e-01
5.670985579490661621e-01
-2.271796166896820068e-01
1.795097440481185913e-01
-1.111419081687927246e+00
7.173051834106445312e-01
1.586920022964477539e+00
-6.660247445106506348e-01
9.766612201929092407e-02
2.185624837875366211e-01
1.329855003859847784e-04
8.834712505340576172e-01
2.372465610504150391e+00
-1.206811070442199707e-01
-3.806728124618530273e-01
4.362356960773468018e-01
8.782950639724731445e-01
1.227739572525024414e+00
1.521096587181091309e+00
-1.676950454711914062e+00
3.544349074363708496e-01
-3.645364940166473389e-02
7.639314532279968262e-01
2.464633733034133911e-01
-1.226562142372131348e+00
6.004582643508911133e-01
-1.256727099418640137e+00
-4.289250373840332031e-01
-1.174348831176757812e+00
-1.653067618608474731e-01
-1.389306306838989258e+00
1.643518567085266113e+00
1.234882831573486328e+00
5.147750303149223328e-02
7.670952677726745605e-01
7.514320015907287598e-01
-5.403133034706115723e-01
-6.967819929122924805e-01
3.548842668533325195e-01
-1.606572389602661133e+00
7.654764056205749512e-01
1.275306582450866699e+00
3.859014213085174561e-01
-3.693215250968933105e-01
-4.061875045299530029e-01
-5.425579547882080078e-01
7.417365312576293945e-01
-7.486029863357543945e-01
6.563735008239746094e-01
-5.779656171798706055e-01
-5.522306561470031738e-01
1.985612630844116211e+00
-2.647131681442260742e+00
1.132850289344787598e+00
8.206694126129150391e-01
-1.077435731887817383e+00
1.101513504981994629e+00
-4.361220896244049072e-01
-2.051548480987548828e+00
5.421650409698486328e-01
-1.526394367218017578e+00
1.705273628234863281e+00
-3.777103126049041748e-02
-6.960259079933166504e-01
-8.948578685522079468e-02
2.479693591594696045e-01
-6.694427132606506348e-01
-2.882219851016998291e-01
4.609420299530029297e-01
4.942294955253601074e-01
1.905401647090911865e-01
-2.794919610023498535e-01
4.361662864685058594e-01
3.172111883759498596e-02
-9.195290207862854004e-01
2.201499342918395996e-01
-1.623779535293579102e-01
1.202552556991577148e+00
2.649967193603515625e+00
1.159206151962280273e+00
2.598145008087158203e-01
4.649059772491455078e-01
-9.567517042160034180e-01
-2.360136061906814575e-01
-2.206024408340454102e+00
9.720159173011779785e-01
9.296283721923828125e-01
-5.053517967462539673e-02
-1.952598214149475098e+00
-1.339735388755798340e+00
2.174905240535736084e-01
-1.404709815979003906e-01
-7.093819975852966309e-01
-1.322447061538696289e+00
-8.848822116851806641e-01
-5.177022218704223633e-01
-8.402980566024780273e-01
-1.182880640029907227e+00
-4.434993267059326172e-01
-5.195811390876770020e-01
5.926576256752014160e-01
7.596166133880615234e-01
1.156735897064208984e+00
-1.986341238021850586e+00
6.841117739677429199e-01
1.369462609291076660e+00
3.763504698872566223e-02
9.525199979543685913e-02
1.863734871149063110e-01
-9.047180414199829102e-01
-1.501081883907318115e-01
8.676486015319824219e-01
3.838692903518676758e-01
-1.261417746543884277e+00
7.793984413146972656e-01
-3.522415161132812500e-01
3.689967691898345947e-01
1.984001755714416504e+00
5.536724925041198730e-01
1.715121030807495117e+00
8.285461664199829102e-01
-9.962437301874160767e-02
-1.583796977996826172e+00
-5.401483178138732910e-01
6.288187503814697266e-01
-1.865350306034088135e-01
-1.003197580575942993e-01
-1.521032094955444336e+00
1.608991503715515137e+00
1.924343585968017578e+00
-1.230780839920043945e+00
6.294884681701660156e-01
-5.397391915321350098e-01
-1.773154377937316895e+00
3.378105759620666504e-01
-1.820988535881042480e+00
1.581059545278549194e-01
-1.249991893768310547e+00
-8.362531661987304688e-01
-1.523014623671770096e-02
2.241563946008682251e-01
4.589775502681732178e-01
6.120708212256431580e-02
-4.967389404773712158e-01
7.612784206867218018e-02
2.820459604263305664e-01
8.192172050476074219e-01
-2.016836881637573242e+00
1.910329461097717285e+00
8.357098102569580078e-01
-1.346790671348571777e+00
-4.628975093364715576e-01
3.476249873638153076e-01
