2.918964922428131104e-01
-2.403695695102214813e-02
-3.343690335750579834e-01
4.055959731340408325e-02
-1.290322691202163696e-01
-6.562353670597076416e-02
-4.509360492229461670e-01
-6.458804756402969360e-02
2.987599372863769531e-01
-4.544304311275482178e-01
1.360849104821681976e-02
1.085283458232879639e-01
3.337054848670959473e-01
2.959655784070491791e-02
-3.971921503543853760e-01
-5.324606597423553467e-02
-3.946972191333770752e-01
9.287803620100021362e-02
-5.659305490553379059e-03
3.798772767186164856e-02
