-5.493858829140663147e-02
7.939575612545013428e-02
1.693485081195831299e-01
1.877607777714729309e-02
1.902824044227600098e-01
3.649931028485298157e-02
2.798138856887817383e-01
2.870740294456481934e-01
-2.669302225112915039e-01
2.453594952821731567e-01
-1.904440224170684814e-01
-2.712046802043914795e-01
-2.956988811492919922e-01
1.320023983716964722e-01
1.837126016616821289e-01
2.542997598648071289e-01
1.085011735558509827e-01
-9.671523422002792358e-02
2.872624099254608154e-01
2.754263281822204590e-01
