-1.803533732891082764e-01
2.150162011384963989e-01
2.027136534452438354e-01
-2.140177041292190552e-01
2.454707920551300049e-01
1.902982145547866821e-01
-2.093860507011413574e-01
-2.066419571638107300e-01
-1.882724016904830933e-01
1.772797852754592896e-01
2.430769950151443481e-01
2.202523052692413330e-01
3.014442324638366699e-01
-4.420853033661842346e-02
-9.217939525842666626e-02
2.786302566528320312e-01
2.357409335672855377e-03
-3.960490971803665161e-02
1.765774637460708618e-01
2.120095640420913696e-01
