-1.738855957984924316e+00
1.214126348495483398e+00
-7.390342950820922852e-01
3.040805459022521973e-01
7.432410120964050293e-01
1.347914934158325195e+00
8.060768842697143555e-01
8.070719838142395020e-01
-1.417556047439575195e+00
-9.758064746856689453e-01
-6.268867850303649902e-01
2.205335199832916260e-01
-1.386443257331848145e+00
-6.577646732330322266e-01
9.164291024208068848e-01
-5.279956758022308350e-02
-2.073036730289459229e-01
-6.786292195320129395e-01
-4.604173600673675537e-01
1.032548546791076660e+00
6.850558519363403320e-01
6.222434043884277344e-01
4.227470755577087402e-01
-1.396821975708007812e+00
-9.962974190711975098e-01
-5.802653431892395020e-01
-1.714177727699279785e+00
1.687613368034362793e+00
6.871338486671447754e-01
1.530127286911010742e+00
1.307435870170593262e+00
-2.345990389585494995e-01
-1.140579581260681152e+00
-6.391696333885192871e-01
-1.599473595619201660e+00
-4.661501944065093994e-01
-1.057876110076904297e+00
