7.365074753761291504e-01
-1.428387612104415894e-01
-7.623818516731262207e-01
9.593885540962219238e-01
-1.413719177246093750e+00
1.069023966789245605e+00
-2.656262397766113281e+00
-1.492883414030075073e-01
-6.513972878456115723e-01
-1.432769447565078735e-01
-1.083185315132141113e+00
1.889729142189025879e+00
2.995575070381164551e-01
1.019252538681030273e+00
2.565910816192626953e-01
1.926025301218032837e-01
-1.809964776039123535e-01
-4.823732376098632812e-01
-2.012966156005859375e+00
8.868232965469360352e-01
-1.112509608268737793e+00
2.243493497371673584e-01
-1.932981610298156738e+00
1.268234252929687500e+00
-1.728888869285583496e+00
-1.131298318505287170e-01
1.293293088674545288e-01
-8.902046680450439453e-01
-1.404855132102966309e+00
8.490110635757446289e-01
-1.169202089309692383e+00
-1.044990301132202148e+00
-1.575486660003662109e-01
-2.370192557573318481e-01
-5.710620880126953125e-01
1.929336905479431152e+00
-6.614412069320678711e-01
-1.804771542549133301e+00
2.598396539688110352e-01
-1.007904529571533203e+00
-1.271682381629943848e+00
-1.561095714569091797e-01
-2.798206806182861328e-01
8.895217627286911011e-02
-1.928828358650207520e-01
1.922151297330856323e-01
1.320209383964538574e+00
-2.815293669700622559e-01
2.103397130966186523e+00
3.309243619441986084e-01
1.785913705825805664e+00
-7.513132095336914062e-01
2.051380574703216553e-01
-5.696305632591247559e-01
-7.214101552963256836e-01
