5.755280852317810059e-01
-6.556879878044128418e-01
1.532120466232299805e+00
-3.583922237157821655e-02
7.710279314778745174e-04
-1.343980073928833008e+00
-7.167603373527526855e-01
-7.033040523529052734e-01
2.312331199645996094e+00
-6.842673420906066895e-01
4.672083258628845215e-02
9.407830238342285156e-01
1.945826530456542969e+00
7.809419631958007812e-01
-7.399912476539611816e-01
1.303733706474304199e+00
1.195076465606689453e+00
1.319230198860168457e-01
9.983665309846401215e-03
-4.522213041782379150e-01
2.483159005641937256e-01
-4.195930957794189453e-01
1.776220202445983887e-01
-7.346063852310180664e-01
2.421206682920455933e-01
7.642768621444702148e-01
-6.333749890327453613e-01
5.343989729881286621e-01
-8.809278607368469238e-01
-3.883132338523864746e-01
5.742415785789489746e-01
-1.687885075807571411e-01
-2.244930565357208252e-01
-1.133515954017639160e+00
4.312250018119812012e-01
-3.584262132644653320e-01
-7.710934281349182129e-01
-4.566766321659088135e-01
-5.891833901405334473e-01
-9.318754822015762329e-02
-2.737999260425567627e-01
-2.482012510299682617e-01
1.367529481649398804e-01
6.702744960784912109e-01
-4.553960263729095459e-01
9.988909959793090820e-01
-1.738987416028976440e-01
-6.329061985015869141e-01
8.516281843185424805e-01
3.042136877775192261e-02
-1.628615379333496094e+00
-3.783910572528839111e-01
2.344793528318405151e-01
-1.295457243919372559e+00
1.053005814552307129e+00
